	Precious Achiuwa	Tor	F	23.23	12	20.4	42.5	21	12.3	33	0.848	64	0.484	28	0.179	0.418	0.493	8.8	7	19.4	1.3	9.5	0.17	0.58	1.25	8.5	105.5	106.5
	Steven Adams	Mem	C	29.4	24	26.7	55.6	14.2	23.1	65	0.292	140	0.614	1	0	0.61	0.563	8	10.5	21	2.3	11.5	0.79	1.04	2.13	8.7	112.4	103.1
	Bam Adebayo	Mia	C-F	25.41	26	35	73	26.2	14.4	139	0.842	391	0.54	10	0.1	0.53	0.586	20.8	9.5	15.5	3.3	16.9	0.96	0.73	3	9.9	111	101.8
	Ochai Agbaji	Uta	G	22.65	11	9.5	19.7	13.8	0	7	0.571	18	0.556	13	0.308	0.516	0.528	3.3	1.4	7.9	0.1	1.3	0.09	0	0	3.3	119.2	110.1
	Santi Aldama	Mem	F-C	21.92	26	24.7	51.5	15.3	6.7	51	0.745	102	0.578	98	0.357	0.558	0.587	10	5.8	12.4	1.4	7.5	0.85	0.92	0.62	7	125	102.3
	Nickeil Alexander-Walker	Uta	G	24.28	18	14	29.2	18.9	18.5	17	0.765	39	0.513	46	0.413	0.571	0.595	6.1	1.6	6.1	1.8	17.5	0.67	0.28	1.17	7.4	109.3	106.4
	Grayson Allen	Mil	G	27.18	23	27.4	57.2	15.1	12.4	55	0.927	64	0.5	110	0.409	0.572	0.631	10.9	3.6	6.9	2.7	13.4	0.78	0.22	1.22	6.9	125.3	106.5
	Jarrett Allen	Cle	C	24.65	21	32.7	68.2	17.4	13.7	77	0.74	196	0.617	3	0	0.608	0.642	14.2	10.5	18.8	1.3	6.3	0.67	1.33	1.76	7.1	124	100.8
	Jose Alvarado	Nor	G	24.67	26	20.9	43.5	19.5	14.1	34	0.824	94	0.543	105	0.39	0.565	0.591	9.7	2.2	5.9	3.2	21.2	1.23	0.15	1.35	7.8	115.7	100.8
	Kyle Anderson	Min	F-G	29.23	22	23.7	49.5	13.3	20	44	0.841	90	0.522	23	0.435	0.549	0.608	7.3	4.2	9.7	3.4	18.6	1.05	0.82	1.5	7.9	116	109.9
	Giannis Antetokounmpo	Mil	F	28.02	22	33.2	69.2	38.4	12.6	260	0.627	398	0.588	68	0.265	0.56	0.59	31.1	11.3	17.9	5.4	32.3	0.86	1	3.82	14.9	114	95.8
	Thanasis Antetokounmpo	Mil	F	30.4	12	3.7	7.7	7.6	50	0	0	3	0.333	1	0	0.25	0.25	0.2	0.9	13	0.2	5.5	0	0.17	0.33	3.6		
	Cole Anthony	Orl	G	22.58	11	27.2	56.7	22.1	10.6	31	0.839	77	0.468	45	0.378	0.504	0.549	13.5	4.5	9.5	3.9	22.8	1.09	0.36	1.45	9.1	114.1	103.6
	O.G. Anunoby	Tor	F	25.41	26	36.7	76.4	22	13.1	102	0.833	266	0.541	121	0.331	0.527	0.571	19	5.8	9	2.1	9	2.38	0.85	2.5	6.7	108.8	105.9
	Ryan Arcidiacono	Nyk	G	28.72	6	2.7	5.5	10.5	25	0	0	1	0	2	0	0	0	0	0.3	6.6	0.3	14.8	0.33	0	0.17	0		
	Deni Avdija	Was	F	21.94	28	25.4	52.9	15.6	15	44	0.75	112	0.509	84	0.274	0.467	0.501	7.7	5.3	11.4	2.6	13.7	0.79	0.64	1.36	7.5	102.2	103.2
	Deandre Ayton	Pho	C	24.39	25	29.4	61.3	22	13	71	0.718	289	0.647	13	0.308	0.639	0.656	17.5	9.8	18.6	2.2	12	0.52	0.84	2	9.8	124.5	103.3
	Udoka Azubuike	Uta	C-F	23.24	9	3.9	8.1	15.1	15.8	6	0.333	8	0.875	0	0	0.875	0.752	1.8	1.8	25.1	0.3	12.5	0.22	0.22	0.22	10.2		
	Marvin Bagley III	Det	F	23.75	16	23.6	49.2	19.3	10.5	32	0.75	118	0.585	22	0.318	0.568	0.594	11.4	6.3	14.7	0.6	4.3	0.75	0.81	1.13	5.9	116.6	108.5
	Patrick Baldwin Jr.	Gol	F	20.07	4	6	12.6	19.2	9.1	0	0	2	1	8	0.25	0.5	0.5	2.5	1.5	13.8	0	0	0.75	0	0.25	0	86.6	108.7
	LaMelo Ball	Cha	G	21.31	3	32.8	68.3	28.2	16.6	5	0.8	21	0.571	32	0.313	0.509	0.525	19.3	3.7	6	7	34.6	1	0.33	3.67	9.7	101.3	110.2
	Mo Bamba	Orl	C	24.59	22	18.8	39.1	17.9	10.7	36	0.722	72	0.597	63	0.381	0.585	0.61	8.4	5.1	15.7	1.1	9.4	0.23	0.86	0.82	7.7	120.9	102.9
	Paolo Banchero	Orl	F	20.09	21	34.8	72.6	28.3	13.1	181	0.751	257	0.514	75	0.253	0.483	0.555	21.8	6.9	11.4	3.8	18	0.81	0.62	2.95	9.5	109.3	110.9
	Desmond Bane	Mem	G	24.47	12	33.5	69.9	27.1	10.2	57	0.912	111	0.477	102	0.451	0.573	0.622	24.7	4.9	7.8	4.8	21.8	0.58	0.25	2.25	10	123.8	108
	Dalano Banton	Tor	F	23.1	20	10.2	21.3	24.1	11.2	16	0.875	55	0.491	41	0.317	0.484	0.519	5.4	1.6	8.6	1.2	18.4	0.6	0.5	0.65	8.6	107.3	104.2
	Dominick Barlow	San	F	19.55	3	7.4	15.5	14.5	0	4	1	3	0.667	3	0	0.333	0.515	2.7	1	7.5	1	17.2	0.33	0	0	7.5	136.6	109
	Harrison Barnes	Sac	F	30.54	25	31.1	64.8	16.8	11.1	132	0.818	124	0.621	90	0.311	0.556	0.636	13.8	5.1	9.4	1.8	7.9	0.76	0.16	1.36	6.5	123	110.9
	Scottie Barnes	Tor	F	21.37	24	33.3	69.4	20.4	15	49	0.694	219	0.493	87	0.322	0.49	0.51	13.9	7	11.9	4.6	20.7	0.88	0.79	2.42	9.2	104.8	110.6
	RJ Barrett	Nyk	F-G	22.5	27	34	70.9	25.3	11.3	150	0.78	283	0.47	146	0.288	0.457	0.514	18.9	5.6	8.6	3	13.3	0.63	0.15	2.33	8	103.8	109.3
	Will Barton	Was	G	31.93	26	22.4	46.6	18	10.8	26	0.885	108	0.398	95	0.337	0.448	0.478	7.9	3.2	7.9	2.7	16.4	0.58	0.31	1	7.3	99.9	112
	Charles Bassey	San	C-F	22.12	17	16	33.4	14	22.9	22	0.636	55	0.745	6	0.333	0.721	0.722	6	6.1	21.2	1.5	13.3	0.41	1.18	1.24	9.5	127	102.5
	Keita Bates-Diop	San	F	26.89	22	18.1	37.7	16.9	10.5	30	0.833	102	0.569	30	0.367	0.564	0.599	7.9	3	9.1	0.7	5.7	0.59	0.18	0.77	5.6	117.1	118.9
	Nicolas Batum	Lac	G-F	34	29	20.5	42.8	11.5	12.8	22	0.591	29	0.552	98	0.398	0.587	0.593	5.6	4.2	11.2	1.4	9.3	0.59	0.76	0.69	6.3	118.1	101.8
	Darius Bazley	Okc	F-G	22.5	20	16.2	33.8	16	9.6	28	0.5	70	0.457	31	0.355	0.48	0.49	5.6	3.9	12.4	1	8.2	0.55	1.2	0.6	6.9	104.1	108
	Bradley Beal	Was	G	29.46	18	35	73	26.6	13.3	79	0.873	211	0.592	88	0.352	0.574	0.617	22.9	3.7	5.8	5.4	25.5	1.17	0.61	2.83	8.8	116.9	112.9
	Malik Beasley	Uta	G	26.04	29	27.3	56.9	20.6	8	23	0.826	105	0.495	241	0.39	0.558	0.569	14	3.9	7.8	1.6	8.2	1	0.14	1.07	6.5	111.8	113.8
	MarJon Beauchamp	Mil	F	22.17	15	15.5	32.3	18.2	17.9	10	0.7	37	0.486	41	0.293	0.462	0.479	5.3	2.9	9.9	0.4	3.6	0.47	0.13	1.2	4.7	88.8	99.5
	Davis Bertans	Dal	F	30.08	10	7.6	15.8	20	8.9	6	0.833	5	0.2	23	0.391	0.518	0.555	3.4	0.8	6.3	0.4	7.8	0.1	0	0.3	5.4	109.7	100
	Patrick Beverley	Lal	G	34.42	20	26.9	56	9.5	13.9	25	0.76	30	0.433	64	0.234	0.378	0.429	4.5	3.8	7.5	2.6	11.6	0.95	0.5	0.85	5.3	98	104.3
	Saddiq Bey	Det	F	23.68	25	29.7	61.8	21	7.9	107	0.879	154	0.494	137	0.299	0.473	0.546	14.8	4.4	8.1	1.8	9.1	0.92	0.16	1.16	6.6	112.6	114.2
	Khem Birch	Tor	C	30.21	15	7.7	16.1	11.8	15.5	5	0.8	23	0.652	2	0.5	0.66	0.68	2.5	1.1	7.8	0.3	6.2	0.27	0.2	0.33	4.9	124.9	98.8
	Goga Bitadze	Ind	C-F	23.4	16	9.9	20.6	15.7	16.7	18	0.5	30	0.667	12	0.25	0.583	0.581	3.6	2.3	12.7	1	14.4	0.38	0.56	0.63	8.2	116	98.9
	Bismack Biyombo	Pho	C	30.29	21	11.8	24.6	14.5	25.9	20	0.4	54	0.519	0	0	0.519	0.51	3	3.3	15.6	0.8	8.2	0.29	1.38	1.05	6.8	92.1	98
	Buddy Boeheim	Det	F	23.09	1	1	2.1	0		0	0	0	0	0	0			0	0	0	0	0	0	0	0	0		
	Bojan Bogdanovic	Det	F	33.66	28	30.9	64.4	25.1	12.9	137	0.891	219	0.562	167	0.437	0.602	0.658	21	3.6	6.5	2.4	13	0.57	0.04	2.36	7.3	120.1	116.1
	Bogdan Bogdanovic	Atl	G	30.32	5	27.8	57.9	27.1	11.1	5	1	29	0.483	49	0.388	0.545	0.561	18	3.2	6.2	2.2	12.2	0.6	0.2	2	7.2	103.8	114.1
	Bol Bol	Orl	C-F	23.07	28	26.9	55.9	18.6	18.8	51	0.784	187	0.663	50	0.4	0.65	0.671	12.4	7.4	15.9	1.1	6.9	0.5	1.82	2.14	6.9	113.5	110.4
	Leandro Bolmaro	Uta	F	22.25	5	8.1	16.8	11.5	27.3	0	0	6	0.333	2	0	0.25	0.25	0.8	0.4	2.7	1.2	17.9	0.4	0.2	0.6	3.6	71.8	110.5
	Devin Booker	Pho	G	26.12	26	35.4	73.7	30.9	9.8	164	0.866	374	0.521	160	0.375	0.534	0.587	27.4	4.8	7.6	5.8	26.7	0.96	0.42	2.54	10.3	119.8	108.7
	Brandon Boston	Lac	G	21.04	10	9.1	18.9	26	7.4	9	0.778	32	0.313	14	0.571	0.478	0.51	5.1	1.1	6.6	0.6	10.7	0.2	0	0.4	6.6	103.3	109.6
	Chris Boucher	Tor	F-C	29.92	23	23.2	48.3	19.9	6	81	0.741	131	0.542	69	0.29	0.505	0.556	11.4	6.1	14.9	0.6	3.7	0.74	0.87	0.65	6	120.1	103.8
	James Bouknight	Cha	G	22.23	21	15.8	33	18	12.6	22	0.682	55	0.436	60	0.25	0.404	0.433	5.1	2.2	7.4	1.2	10.8	0.52	0.19	0.86	6	88.8	109
	Tony Bradley	Chi	C-F	24.93	7	2.7	5.5	15.8	14.5	2	1	2	0.5	3	0.667	0.8	0.85	1.4	1	21.1	0.1	7.6	0.14	0	0.14	7.7		
	Malaki Branham	San	F	19.59	13	17.5	36.4	16.3	12.3	10	0.8	34	0.441	40	0.225	0.385	0.415	5	1.7	5.4	1.7	12.6	0.15	0.15	0.85	5.6	89.1	117.1
	Christian Braun	Den	G	21.66	24	13.7	28.5	10.9	9.7	14	0.571	46	0.478	22	0.364	0.5	0.512	3.2	2.1	9	0.6	5.7	0.33	0.17	0.33	4.6	110.9	111.5
	Mikal Bridges	Pho	F	26.29	27	36.4	75.9	16.6	7.8	56	0.893	215	0.526	117	0.427	0.566	0.597	15.8	5.1	7.9	3.2	12	1.19	0.85	1.11	7	124.2	110.6
	Oshae Brissett	Ind	F-G	24.48	23	16	33.4	14.4	8.5	47	0.723	36	0.472	61	0.377	0.531	0.582	6	3.2	10.8	0.5	4	0.65	0.17	0.48	5.3	117.5	108.2
	Malcolm Brogdon	Bos	G	30	23	23.4	48.8	24.5	14.7	62	0.871	137	0.518	91	0.484	0.601	0.642	14.3	4.1	9.9	3.9	25.1	0.48	0.22	1.91	10.5	121.9	108.9
	Dillon Brooks	Mem	G-F	26.89	24	31.2	65	25.7	9.6	66	0.758	232	0.44	162	0.352	0.476	0.502	17.7	3.7	6.3	3	13.9	0.88	0.13	1.88	7.5	103.6	105.3
	Greg Brown III	Por	F	21.28	7	7.2	14.9	18.7	13.9	8	0.25	10	0.6	5	0.2	0.5	0.459	2.4	1	7.9	0	0	0.43	0.57	0.43	0	79.8	99.9
	Troy Brown Jr.	Lal	G-F	23.38	23	24.1	50.3	13.1	12.2	17	1	75	0.533	69	0.319	0.507	0.538	7.1	4.4	9.6	0.9	4.7	0.74	0.09	0.91	5	104.6	109
	Bruce Brown	Den	G-F	26.33	26	29.8	62.1	16.7	15.5	30	0.833	154	0.519	84	0.393	0.544	0.565	10.9	4.5	8.8	4.3	19	1.08	0.5	1.77	8	113.7	109.8
	Jaylen Brown	Bos	G-F	26.13	26	35.4	73.8	31.1	11.7	138	0.819	334	0.593	180	0.339	0.563	0.602	26.6	7	11.1	3.5	16.9	1.04	0.38	2.92	9.8	112.4	106.1
	Kendall Brown	Ind	G	19.59	6	6.7	14	10.1	20.2	2	0.5	6	0.667	1	0	0.571	0.571	1.5	1	8.1	0.5	10	0.67	0	0.33	5.4	108.9	91.7
	Moses Brown	Lac	C	23.17	21	6.3	13.1	23.9	5.6	43	0.488	49	0.653	0	0	0.653	0.626	4	2.8	24.6	0	1.3	0.05	0.43	0.19	0	130.4	96.1
	Jalen Brunson	Nyk	G	26.28	27	31.7	66	25.8	10	137	0.883	308	0.513	108	0.324	0.506	0.569	20.1	3.3	5.5	6.3	31.7	1.07	0.19	1.96	9.4	120.1	109
	Thomas Bryant	Lal	C-F	25.37	12	15.1	31.4	18.1	6.4	34	0.706	48	0.771	10	0.3	0.716	0.733	8.9	4.3	15.2	0.7	6.8	0.17	0.75	0.42	7.9	144.9	104.3
	Reggie Bullock	Dal	G-F	31.75	26	26.6	55.4	9.5	7.6	19	0.684	21	0.429	105	0.305	0.452	0.473	4.9	3.1	6.9	0.9	4.4	0.81	0.08	0.42	3.6	99.9	108
	Alec Burks	Det	G	31.4	16	20.6	42.9	25.6	7.1	67	0.791	79	0.481	76	0.382	0.526	0.585	13.5	2.9	7.7	1.9	15	0.94	0.06	0.88	8.2	118.7	106.6
	John Butler Jr.	Por	F	20.03	4	3.9	8	8.5	0	0	0	1	1	2	0	0.333	0.333	0.5	0.5	7.4	0.3	8.6	0	0.25	0	4.3		
	Jimmy Butler	Mia	F	33.25	18	35.2	73.3	24.1	9.9	134	0.843	214	0.551	38	0.368	0.552	0.629	21.7	6.7	10.9	5.9	28.9	1.72	0.22	1.89	10.8	129.3	107.5
	Jamal Cain	Mia	F	23.73	8	11.6	24.2	15.5	6.1	6	0.667	22	0.636	6	0.167	0.554	0.571	4.4	2.4	11.7	0.6	8.5	0.63	0	0.25	6.4	121.3	100.2
	Kentavious Caldwell-Pope	Den	G	29.82	25	31.1	64.9	14.2	11.8	33	0.788	94	0.479	115	0.461	0.596	0.615	11	3	5.7	2.1	8.8	1.16	0.4	1.2	5.3	116.8	113.1
	Facundo Campazzo	Dal	G	31.73	8	6.5	13.6	14.6	17.8	2	0.5	2	0	11	0.273	0.346	0.36	1.3	0.3	2.3	1.1	22.9	0.75	0	0.38	4.6	86.8	107.5
	Vlatko Cancar	Den	F	25.68	17	12	25.1	16.8	12.7	9	0.778	31	0.516	34	0.412	0.569	0.587	4.8	1.7	8.2	1	11	0.41	0.24	0.59	6.7	112.8	106.8
	Clint Capela	Atl	C	28.57	25	27.8	58	15.6	8.8	48	0.583	216	0.625	0	0	0.625	0.628	11.9	12.2	23.6	0.7	3.7	0.64	1.36	0.92	6.7	131.4	103.7
	Vernon Carey Jr.	Was	F-C	21.8	3	1.7	3.5	25.7	33.3	0	0	2	0	0	0	0	0	0	0.3	10.8	0	0	0	0	0.33	0		
	Wendell Carter Jr.	Orl	C-F	23.66	15	32.8	68.4	21.1	16.4	69	0.826	117	0.59	52	0.346	0.568	0.624	16.6	9.1	15.9	3.3	15.8	0.53	0.53	2.6	9.7	118.1	106.1
	Jevon Carter	Mil	G	27.25	26	26.2	54.6	14	15.5	19	0.842	91	0.451	92	0.413	0.536	0.554	8.2	2.7	5.5	3.4	17.7	1.31	0.62	1.35	6.4	112.2	101.9
	Alex Caruso	Chi	G	28.79	25	25.3	52.6	10.2	21.9	34	0.765	46	0.478	57	0.351	0.505	0.551	5.2	2.7	6	3.8	18.8	1.52	0.72	1.32	6	110.3	104.7
	Justin Champagnie	Tor	G-F	21.46	3	3.6	7.6	11.6	0	0	0	3	1	0	0	1	1	2	1.3	20.8	0.3	16.4	0	0	0	10.2		
	Julian Champagnie	Phi	F	21.46	2	3.4	7	13.3	0	0	0	1	0	1	0	0	0	0	0	0	0	0	0.5	0	0	0		
	Kennedy Chandler	Mem	G	20.24	11	11.7	24.4	18.6	20.7	7	0.429	31	0.452	12	0.167	0.395	0.401	3.4	1.8	8.3	2.5	28.3	0.64	0.36	1.09	8.5	89.7	109.2
	Max Christie	Lal	G	19.84	11	11.4	23.7	11	9.2	4	0.75	9	0.333	19	0.421	0.536	0.554	3	2.3	10.5	0.5	5.1	0.27	0	0.27	5.3	107.5	109.5
	Josh Christopher	Hou	G	21.01	18	7	14.6	21.2	18.6	6	0.833	36	0.528	14	0.214	0.47	0.494	2.9	1.1	8.7	0.6	13.7	0.28	0.06	0.67	7.1	93.6	108.3
	Brandon Clarke	Mem	F	26.23	27	19.8	41.2	18	14.1	61	0.689	168	0.655	6	0.167	0.641	0.66	9.8	5	13.6	1.3	9.3	0.37	0.85	1.22	8.1	122	100.5
	Jordan Clarkson	Uta	G	30.52	28	32.7	68.1	27	13.3	96	0.823	255	0.51	213	0.338	0.509	0.544	19.8	3.9	6.5	4.9	22.5	0.36	0.32	2.79	8.8	108.9	114.8
	Nic Claxton	Bro	F-C	23.66	26	28	58.3	15.5	13.4	73	0.425	186	0.737	1	0	0.733	0.696	11.7	8.7	17.6	1.2	6.5	0.73	2.19	1.31	7.1	130	102
	Amir Coffey	Lac	G-F	25.49	23	14.6	30.4	12.8	10.2	39	0.795	51	0.431	20	0.2	0.394	0.493	3.8	1.1	4.2	1.3	12.1	0.26	0.09	0.43	4.8	109.6	107.5
	John Collins	Atl	F-C	25.22	22	31.5	65.6	16.2	11.2	58	0.845	140	0.621	73	0.219	0.521	0.568	12.3	7.5	12.8	1.3	5.5	0.91	1.41	1.36	6.3	110.7	103.8
	Zach Collins	San	F-C	25.07	17	20.6	43	19.4	23.8	22	0.682	78	0.628	37	0.297	0.57	0.585	8.6	5.8	15.6	2.8	19.5	0.59	0.94	2.29	10.1	104.8	100.1
	Mike Conley	Uta	G	35.17	18	29	60.4	16.3	13.4	36	0.778	69	0.42	90	0.389	0.513	0.546	10.6	2.3	4.4	7.8	35.4	1.11	0.28	1.5	7.9	125	112.9
	Pat Connaughton	Mil	G	29.93	10	19.8	41.3	17.9	2.4	7	0.714	21	0.429	58	0.259	0.399	0.414	6.8	3.7	9.8	0.7	4.9	0.6	0.1	0.2	5.3	96.4	105.7
	Robert Covington	Lac	F	32	17	15.6	32.6	16.3	13.1	16	0.875	28	0.5	51	0.353	0.519	0.558	5.6	3.6	12.8	1.2	10.8	0.41	0.76	0.76	7.4	107.9	97.2
	Torrey Craig	Pho	F	31.98	24	24.4	50.8	13.3	9.8	15	0.8	75	0.587	84	0.393	0.588	0.601	8.3	4.9	11.3	1.5	7.8	0.54	0.75	0.75	6.5	125.2	106.9
	Jarrett Culver	Atl	G-F	23.81	8	16.3	33.9	16	10.1	13	0.692	28	0.536	11	0.091	0.423	0.47	5.3	4.5	14.9	0.8	6	0.63	0.25	0.63	6.6	101.6	103.4
	Cade Cunningham	Det	G	21.22	12	33.4	69.5	29.9	13.8	43	0.837	163	0.466	61	0.279	0.453	0.492	19.9	6.2	10.2	6	31	0.83	0.58	3.25	10.8	99.7	110.9
	Seth Curry	Bro	G	32.31	18	23.3	48.4	17.5	12.8	15	0.933	57	0.509	80	0.4	0.562	0.585	9.3	2.3	5.7	2.3	13.8	0.61	0.22	1.17	6.3	110	109.1
	Stephen Curry	Gol	G	34.75	24	34.9	72.7	30.9	12.3	119	0.908	206	0.592	282	0.436	0.628	0.667	30	6.6	10.4	7	33.5	1	0.29	3.17	12.8	125.3	109.8
	Dyson Daniels	Nor	G	19.74	18	20.1	41.8	11.8	14	20	0.65	51	0.569	26	0.385	0.571	0.589	5.6	3.7	10.2	2.4	15.6	0.78	0.28	0.78	7.3	120.7	99.9
	Anthony Davis	Lal	F-C	29.76	23	33.6	70	28.5	8.4	184	0.832	370	0.619	29	0.31	0.608	0.665	27.7	12.4	19.5	2.7	14	1.35	2.22	1.91	11.6	131.6	102.5
	Johnny Davis	Was	G	20.79	8	5.7	11.8	12.9	7.5	3	1	9	0.333	2	0	0.273	0.365	1.1	0.6	6.1	0.3	5.6	0	0.13	0.13	4.1	84.7	91.3
	JD Davison	Bos	G	20.2	3	2.8	5.9	25.9	20	0	0	2	0.5	2	0	0.25	0.25	0.7	0.3	6.6	0.3	15.6	0.33	0	0.33	5.7		
	Terence Davis	Sac	G	25.58	21	13	27.1	21.5	10.9	16	0.875	41	0.512	74	0.378	0.548	0.574	6.7	3	13.2	1.4	15.7	0.81	0.19	0.71	9.4	112.2	96.5
	Dewayne Dedmon	Mia	C	33.34	23	12.4	25.7	22.2	10.5	36	0.75	82	0.598	30	0.3	0.558	0.594	6.6	3.7	17.3	0.6	8.4	0.22	0.43	0.65	7.9	115.8	93.3
	Matthew Dellavedova	Sac	G	32.26	12	7.5	15.5	13.5	21.2	3	0.333	13	0.308	8	0.375	0.405	0.403	1.5	0.4	3.2	1.6	26.5	0.5	0	0.5	5.3	95.1	103.7
	DeMar DeRozan	Chi	G-F	33.35	26	35.2	73.3	28.8	8.6	211	0.891	434	0.523	35	0.314	0.519	0.601	26	5	8	4.8	22.3	0.81	0.38	2.04	9.7	120.8	107.9
	Moussa Diabate	Lac	F	20.89	6	9.4	19.7	15.1	15.4	8	0.875	13	0.615	0	0	0.615	0.696	3.8	3.7	21.3	0.2	2.6	0.33	0.17	0.5	6	141.8	102.5
	Mamadi Diakite	Cle	F	25.89	11	7.5	15.7	14	19.2	0	0	9	0.667	12	0.333	0.571	0.571	2.2	1	7.8	0.2	3.4	0.18	0.45	0.45	4.1	97.6	97.5
	Hamidou Diallo	Det	G	24.37	25	15.2	31.6	18.9	12.4	55	0.636	111	0.523	13	0.154	0.492	0.53	6.3	2.8	10.1	0.9	9.3	0.52	0.2	0.84	6.6	105.8	105.3
	Gorgui Dieng	San	C	32.9	11	10.6	22.1	17.7	22.1	4	0.75	10	0.8	27	0.296	0.541	0.555	3.9	2.8	14.8	1.7	22.1	0.09	0.45	1	10	106.8	104.2
	Ousmane Dieng	Okc	F	19.56	14	15.7	32.7	12.8	10.3	4	0.25	25	0.6	34	0.294	0.508	0.502	4.4	2.9	9.5	1.4	11.8	0.36	0.29	0.5	6.7	106.5	112
	Spencer Dinwiddie	Dal	G	29.69	27	31.6	65.8	22.5	10.6	74	0.838	174	0.506	174	0.414	0.563	0.596	16.8	3.3	6.2	5.3	26.7	0.96	0.26	1.67	8.4	121.2	109.8
	Donte DiVincenzo	Gol	G	25.87	19	17.9	37.3	14.3	20.7	13	0.769	27	0.519	59	0.322	0.494	0.518	5	3.6	11.2	2.4	16.6	1.11	0.11	1.26	7.8	104.2	102.7
	Luka Doncic	Dal	F-G	23.79	25	36.8	76.7	37.8	11.5	259	0.718	362	0.591	208	0.341	0.562	0.605	33.1	8.6	13.8	8.8	47.4	1.68	0.64	3.56	14.8	121.2	104.9
	Tyler Dorsey	Dal	G	26.83	1	4.3	9	41.9	0	0	0	3	1	1	1	1.125	1.125	9	2	27.6	0	0	0	0	0	0	226	115.7
	Luguentz Dort	Okc	G	23.65	26	30.4	63.3	20.6	10.2	85	0.776	175	0.469	140	0.307	0.465	0.509	13.8	4.6	7.9	2.3	10.5	1.08	0.35	1.54	6.9	106	107.2
	Ayo Dosunmu	Chi	G	22.9	25	27.5	57.4	15.5	14.9	25	0.88	128	0.617	73	0.342	0.58	0.601	10.2	3.3	6.7	2.8	14.4	0.68	0.36	1.48	6.6	112.6	106.8
	Devon Dotson	Was	G	23.36	4	12.1	25.1	10	27.3	0	0	5	0	3	0.333	0.188	0.188	0.8	2.5	11.4	1.5	15	0.75	0	0.75	4.8	84.2	96.3
	Jeff Dowtin Jr.	Tor	G	25.59	9	7.4	15.5	12.3	5.1	1	1	14	0.571	4	0.25	0.528	0.542	2.2	1.1	8.5	0.9	17.1	0	0.11	0.11	7	128	113.2
	Goran Dragic	Chi	G	36.61	24	17.5	36.4	22.1	14.3	29	0.655	105	0.457	68	0.397	0.512	0.528	8.2	1.6	5.1	3.5	28.7	0.25	0.17	1.29	8.2	107.1	108.8
	Andre Drummond	Chi	C	29.34	20	14.2	29.6	21.7	16	34	0.588	104	0.567	2	0	0.557	0.57	6.9	7.5	29.5	0.8	8.5	0.7	0.4	1.15	9.7	114.2	93.3
	Chris Duarte	Ind	G	25.5	9	19.6	40.9	19.8	9.5	12	0.917	33	0.455	38	0.342	0.486	0.524	8.9	2.1	5.9	1	7.4	0.11	0.44	0.89	5.4	102.3	111.7
	David Duke Jr.	Bro	G	23.17	14	9	18.8	21	21.8	8	0.5	37	0.514	6	0	0.442	0.451	3	1.1	6.8	0.9	13.2	0.36	0.07	0.93	6.4	84.3	98
	Kevin Durant	Bro	F	34.2	28	36.7	76.5	31.5	13.2	205	0.927	407	0.629	133	0.346	0.602	0.666	30	6.7	10.4	5.5	25.8	0.71	1.68	3.43	11.3	122.5	109.2
	Jalen Duren	Det	C	19.07	26	22	45.8	12.4	16.7	47	0.489	118	0.627	1	0	0.622	0.612	6.6	7.3	18.2	0.6	4.1	0.58	0.77	1.08	5.6	120.3	107
	Tari Eason	Hou	F	21.59	26	18.6	38.8	19.7	8.7	38	0.842	144	0.451	50	0.38	0.482	0.52	8.4	5.3	15.4	0.8	7.1	1.35	0.42	0.77	7.1	113.7	103.5
	Anthony Edwards	Min	G	21.36	27	36.4	75.9	26.9	13.5	139	0.755	293	0.512	191	0.361	0.524	0.561	22.7	5.6	8.5	4	16.6	1.89	0.33	3.15	8.8	105.3	108.5
	Kessler Edwards	Bro	F	22.34	13	5.7	11.9	16.2	14.9	2	0.5	11	0.364	11	0.182	0.318	0.328	1.2	1.1	10.8	0.2	3.4	0.23	0.08	0.31	4.5	75.9	112.9
	Keon Ellis	Sac	G	22.93	2	1.5	3	0		0	0	0	0	0	0			0	0.5	19.7	0	0	0	0	0	0		
	Joel Embiid	Phi	C-F	28.75	18	35.8	74.6	37.6	13.8	213	0.85	313	0.575	61	0.328	0.561	0.642	33.4	9.8	16.3	4.8	26.7	1.06	1.61	4.17	13	120	101.7
	Drew Eubanks	Por	F-C	25.86	25	17.5	36.5	11.6	16.4	34	0.676	80	0.738	2	0.5	0.738	0.743	5.8	4	12.9	0.8	7	0.44	1	0.76	6.1	136.8	104.7
	Bruno Fernando	Hou	F-C	24.33	9	13.2	27.5	15.1	13.9	12	0.667	31	0.677	1	0	0.656	0.671	5.6	4.6	18.9	1.2	14.6	0.44	0.78	0.67	9.5	133.8	97.6
	Dorian Finney-Smith	Dal	F	29.61	27	31.8	66.3	12.5	10.5	21	0.667	57	0.579	147	0.333	0.522	0.532	8.4	4	7.5	1.1	5	1.07	0.48	0.93	4.2	108.6	111.5
	Malachi Flynn	Tor	G	24.59	16	10.9	22.8	21.2	10.2	11	0.909	37	0.378	37	0.486	0.554	0.583	5.8	1.2	6.1	1.1	15.8	0.38	0.06	0.56	7.2	116.2	101.8
	Simone Fontecchio	Uta	F	27.01	16	9.5	19.9	20.5	12.1	14	0.643	18	0.444	41	0.415	0.568	0.583	4.8	1.3	7.6	0.4	6.4	0.13	0.25	0.56	5.7	111.2	111.6
	Bryn Forbes	Min	G	29.39	13	10.7	22.3	17.3	8.8	7	1	23	0.435	26	0.231	0.388	0.432	3.5	0.5	2.4	0.8	9.4	0.54	0	0.38	4.2	93	113.8
	Trent Forrest	Atl	G	24.5	11	14	29.1	10.7	15.3	3	0.667	32	0.469	0	0	0.469	0.48	2.9	1.4	5.3	1.6	14.9	0.55	0.18	0.55	5.3	104.8	110.6
	Michael Foster Jr.	Phi	F	19.91	1	1	2.1	0		0	0	0	0	0	0			0	0	0	0	0	0	0	0	0		
	Evan Fournier	Nyk	G-F	30.12	13	20	41.6	17.5	12.9	11	0.818	33	0.364	57	0.333	0.45	0.474	6.9	2.1	5.4	1.7	11.6	0.69	0.23	1.08	5.8	95.9	105.3
	De'Aaron Fox	Sac	G	24.98	22	31.7	66.1	28.7	11.9	109	0.826	254	0.567	111	0.369	0.563	0.607	22.8	5	9	5.6	28.9	1.05	0.5	2.55	10.9	117.2	106.8
	Markelle Fultz	Orl	G	24.54	7	24.8	51.7	21.5	22.3	12	0.75	50	0.44	11	0.455	0.484	0.513	9.7	2.7	6.3	4.1	25.6	0.71	0.14	2.71	7.7	97.1	108.3
	Wenyen Gabriel	Lal	F	25.72	20	13.6	28.2	14.1	15.4	22	0.818	54	0.667	13	0.308	0.627	0.665	5.1	3.7	14.2	0.7	6.6	0.55	0.5	0.7	7	126.6	100.7
	Daniel Gafford	Was	F-C	24.2	28	13.8	28.8	15.7	17.2	56	0.571	91	0.747	0	0	0.747	0.726	6	4.2	16.7	0.4	4.2	0.32	1.07	0.86	6.3	130	103.3
	Darius Garland	Cle	G	22.88	22	36	75	28.1	15.2	107	0.879	229	0.45	148	0.385	0.5	0.555	21.4	2.5	4	7.9	34.9	1.27	0.18	3.45	8.3	111.2	106.9
	Usman Garuba	Hou	F	20.76	24	15	31.2	10.4	21	24	0.583	48	0.542	13	0.538	0.598	0.608	3.6	4.8	17.3	1	8.9	0.83	0.71	0.79	6.9	118.5	102.7
	Luka Garza	Min	C	23.96	3	3.1	6.5	21.8	0	2	1	3	0.667	1	0	0.5	0.615	2	1	17.6	0	0	0	0	0	0		
	Rudy Gay	Uta	F-G	36.32	15	15.6	32.6	16.8	10.7	8	0.5	35	0.486	45	0.244	0.419	0.425	4.7	3.4	12	0.8	6.7	0.47	0.47	0.67	6	90.3	108.7
	Paul George	Lac	F	32.62	21	34.2	71.2	30.6	14.4	103	0.874	225	0.502	159	0.384	0.533	0.581	23.8	6	9.7	4.6	23.6	1.48	0.48	3.43	10.2	108.3	103.7
	Taj Gibson	Was	F	37.47	16	6.5	13.5	17.8	14.2	10	0.8	24	0.5	8	0.25	0.469	0.522	2.4	1.3	11.1	0.3	5.4	0.25	0.13	0.38	6	102.7	98.9
	Josh Giddey	Okc	G	20.18	24	30.7	63.9	24.2	18	38	0.737	260	0.485	75	0.32	0.484	0.5	14.7	7.8	13.3	5.4	25.8	0.67	0.5	3.21	11.1	99.3	108.9
	Shai Gilgeous-Alexander	Okc	G-F	24.42	25	35.5	74	33	11.6	253	0.933	439	0.538	75	0.32	0.529	0.624	31.2	4.5	6.6	5.8	27.6	1.76	1.04	3.28	10.5	122.6	110.3
	Anthony Gill	Was	F	30.15	24	11.3	23.4	9.8	8.3	15	0.867	36	0.694	13	0.154	0.571	0.621	2.9	1.6	7.7	0.5	5.9	0.17	0.21	0.21	4.7	130.7	106.3
	Rudy Gobert	Min	C	30.46	25	31	64.7	16.2	13.1	124	0.702	202	0.663	3	0	0.654	0.684	14.2	12.1	21.6	0.9	4.2	0.88	1.2	1.56	6.9	132.1	103
	Jordan Goodwin	Was	G	24.14	21	22.5	46.8	15.2	14	27	0.704	89	0.517	40	0.45	0.566	0.586	7.9	4	9.8	3	19	1.33	0.62	1.1	8.1	119.9	106.9
	Aaron Gordon	Den	F	27.24	23	29.4	61.3	20.3	10.4	93	0.645	177	0.701	65	0.385	0.667	0.677	16.7	6.4	12.6	2.1	10.7	0.74	0.74	1.43	8.3	130.9	112.1
	Eric Gordon	Hou	G	33.97	22	30.1	62.7	17	15	51	0.863	91	0.56	118	0.347	0.538	0.581	12.2	2	3.6	2.5	12.6	0.68	0.36	1.86	5.2	111.4	119.8
	Devonte' Graham	Nor	G	27.81	26	15.6	32.6	15.3	10.9	26	0.808	20	0.35	99	0.374	0.525	0.56	5.6	1.5	5.2	2.1	17.3	0.5	0.27	0.62	6.7	117.9	108.7
	Jerami Grant	Por	F	28.76	26	36.3	75.7	24.3	9.3	167	0.796	243	0.49	159	0.453	0.565	0.617	22.6	4.2	6.5	2.7	12.1	0.77	0.85	1.88	7	121.5	111.3
	A.J. Green	Mil	G	23.21	9	5.4	11.2	14.2	6.1	3	1	2	0.5	12	0.5	0.714	0.751	2.6	0.8	7.6	0.2	5.9	0.11	0	0.11	5.5	145.1	96.7
	Draymond Green	Gol	F	32.78	24	31.3	65.1	12.8	25.5	38	0.711	116	0.638	37	0.297	0.592	0.613	8.7	6.2	11	6.8	28	0.88	0.83	2.42	9.1	118.6	105.6
	JaMychal Green	Gol	F-C	32.48	24	14.9	31	16.2	16	18	0.778	71	0.662	37	0.189	0.532	0.556	5.4	3.8	13.9	0.7	6.4	0.54	0.33	0.92	6.5	108.4	101.7
	Jalen Green	Hou	G	20.84	26	34.4	71.7	28.1	13.5	143	0.797	274	0.478	188	0.33	0.485	0.535	21.6	4	6.4	3.8	18.8	0.77	0.23	3.15	8	106.1	115.9
	Javonte Green	Chi	G-F	29.39	23	16.3	34	13.7	14.2	31	0.645	61	0.689	28	0.357	0.64	0.653	5.8	3.1	10.6	0.8	6.6	0.91	0.7	0.74	6	121.7	102.7
	Jeff Green	Den	F	36.29	19	19.6	40.8	15.9	14	41	0.756	74	0.608	25	0.28	0.561	0.607	7.5	2.6	7.7	1.3	8.5	0.37	0.21	1	6	116	109.6
	Josh Green	Dal	G	22.07	25	20.3	42.3	12.5	12.8	45	0.711	49	0.735	54	0.444	0.699	0.717	7	2.3	6.7	1.2	8.3	0.92	0.04	0.72	5.3	135.5	103.8
	AJ Griffin	Atl	F	19.3	24	20.8	43.4	20.4	9	14	0.857	102	0.569	114	0.333	0.532	0.545	10.1	2.1	5.4	1	6.6	1.08	0.08	0.92	5.3	106.7	111.9
	Blake Griffin	Bos	F	33.75	12	16.2	33.7	13.4	10.1	21	0.714	26	0.654	18	0.444	0.659	0.686	6.1	4.5	15.6	1.3	10.4	0.25	0.08	0.5	8.1	140.5	100.2
	Quentin Grimes	Nyk	G	22.6	17	23.3	48.6	12.6	13.4	11	0.909	43	0.651	56	0.321	0.556	0.578	7.1	3.2	7.2	1.7	9.9	0.59	0.41	0.94	5.8	114.6	105.2
	Rui Hachimura	Was	F	24.84	16	23.5	48.9	22.4	11.4	29	0.724	122	0.525	36	0.333	0.519	0.542	11.6	4.8	11.3	1.1	7	0.38	0.5	1.38	6.7	101.3	112.1
	Tyrese Haliburton	Ind	G	22.79	26	33.4	69.6	23.3	14.1	72	0.861	204	0.549	184	0.397	0.571	0.602	19.4	4.3	6.9	10.8	50.8	1.77	0.35	2.65	11.6	125.6	114.8
	Jordan Hall	San	G	20.91	9	9.1	19	19.7	18	9	0.778	13	0.462	15	0.2	0.375	0.438	3.1	1.3	8.1	1.2	17.5	0.11	0	0.78	7.4	91.3	115.9
	R.J. Hampton	Orl	G	21.85	21	15.6	32.4	18.4	13.8	31	0.871	56	0.518	49	0.347	0.519	0.573	6.5	1.6	6	1.5	14.7	0.76	0.19	0.9	6.4	112.7	111.8
	Tim Hardaway Jr.	Dal	G-F	30.74	26	25.3	52.8	24.1	7.4	64	0.797	93	0.376	205	0.366	0.495	0.53	13.3	2.7	6.3	1.7	10.6	0.88	0.15	1	6.2	106	111.4
	James Harden	Phi	G	33.3	12	37.9	78.9	26.5	15.6	79	0.911	106	0.491	87	0.345	0.503	0.584	22.2	6.7	10.4	10.4	43.3	1.17	0.67	3.5	12.2	119.3	107.6
	Jaden Hardy	Dal	G	20.44	6	7	14.6	36.4	8.8	7	1	19	0.526	9	0.111	0.411	0.483	5	0.7	5.6	0.3	8.6	0.17	0.17	0.5	5.8	92.4	99.5
	Ron Harper Jr.	Tor	F	22.67	2	3.9	8.1	21.7	0	0	0	1	0	3	0.667	0.75	0.75	3	0.5	7.3	0	0	0	0	0	0		
	Montrezl Harrell	Phi	F-C	28.88	22	11.6	24.3	18.1	12.5	50	0.72	69	0.551	0	0	0.551	0.615	5.1	2.9	14.6	0.6	8.2	0.18	0.41	0.59	7.1	124.1	103.4
	Gary Harris	Orl	G	28.25	6	25.8	53.7	16.9	15.1	6	1	25	0.52	23	0.435	0.583	0.612	10.3	2.7	6	2	11.8	0.67	0.33	1.5	5.9	114.4	110.9
	Joe Harris	Bro	G-F	31.27	26	26.3	54.8	14.3	6.8	17	0.706	64	0.5	134	0.373	0.54	0.55	8.7	3	6.5	1.7	8.4	0.65	0.31	0.58	5.4	110.9	107.6
	Kevon Harris	Orl	G	25.47	20	12.3	25.7	16	16.6	26	0.846	42	0.381	22	0.364	0.438	0.517	3.9	2.2	10.3	0.5	5.7	0.4	0.05	0.75	5.3	104.5	107.8
	Tobias Harris	Phi	F	30.41	24	34.4	71.7	20.4	9.3	47	0.851	193	0.528	129	0.411	0.564	0.588	16.8	6.3	10.9	2.7	12.5	1.33	0.5	1.46	7.7	114.9	105.8
	Tobias Harris	Phi	F	30.41	24	34.4	71.7	20.4	9.3	47	0.851	193	0.528	129	0.411	0.564	0.588	16.8	6.3	10.9	2.7	12.5	1.33	0.5	1.46	7.7	114.9	105.8
	Isaiah Hartenstein	Nyk	C-F	24.61	27	20.9	43.5	12.5	14.8	25	0.84	111	0.613	22	0.227	0.568	0.597	6.4	6.9	17.3	0.8	5.4	0.78	0.93	0.93	6.3	123.7	100.1
	Josh Hart	Por	G	27.77	25	35.2	73.3	12.6	16.9	58	0.741	136	0.522	50	0.38	0.535	0.572	9.7	8.3	13.4	4.1	16.1	1.52	0.12	1.72	7.9	118.9	106
	Udonis Haslem	Mia	F	42.51	4	6	12.4	12.7	0	2	0.5	5	0.2	1	0	0.167	0.218	0.8	1	9.5	0	0	0.25	0.25	0	0	68.4	95.5
	Sam Hauser	Bos	F	25.01	28	16.5	34.4	14.2	4.7	9	0.778	17	0.765	121	0.438	0.67	0.676	6.9	2.5	8.3	0.7	5.9	0.25	0.25	0.25	5.6	130.7	107.4
	Jaxson Hayes	Nor	C-F	22.56	9	7.5	15.5	14	13.6	7	0.571	8	0.375	8	0	0.188	0.262	1.1	1.8	13.4	0.6	8.8	0.33	0.11	0.33	5.6	70.9	100.7
	Killian Hayes	Det	G	21.38	29	24.3	50.6	19	15.9	20	0.85	171	0.392	85	0.329	0.426	0.444	8.1	2.7	6	5.1	31.2	1.1	0.45	1.72	7.9	98.1	107.4
	Gordon Hayward	Cha	F	32.73	11	32.3	67.3	22.7	14.5	43	0.767	104	0.471	42	0.381	0.5	0.543	16.3	4.3	7.1	4.3	20.1	0.64	0.27	2.55	8.3	105.3	116.6
	Juancho Hernangomez	Tor	F	27.21	16	16.9	35.3	10.8	14.5	7	0.429	27	0.704	29	0.345	0.607	0.601	4.4	4.1	13.6	0.8	6.6	0.63	0.19	0.63	5.8	115.2	106.6
	Willy Hernangomez	Nor	C-F	28.55	11	9.1	19	23.6	19.8	22	0.818	32	0.531	3	0	0.486	0.582	4.7	3.6	22.3	0.5	6.9	0.27	0.18	1	9	111	99
	Tyler Herro	Mia	G	22.9	20	34.2	71.3	25.5	13.2	60	0.883	171	0.503	146	0.377	0.532	0.568	19.5	6.5	10.7	4.3	21.4	0.85	0.5	2.6	9.6	106.6	107.1
	Buddy Hield	Ind	G	29.99	28	32.1	67	22.4	12.7	47	0.851	141	0.539	263	0.384	0.563	0.583	17.7	4.8	8.2	2.6	12.5	1	0.36	2.21	7.5	107.8	112.4
	Haywood Highsmith	Mia	F	26.01	17	18.4	38.4	12.3	13.7	10	0.4	34	0.353	37	0.297	0.401	0.405	3.6	3.9	12.2	0.6	4.4	0.71	0.35	0.71	4.4	84.9	106
	George Hill	Mil	G	36.61	26	19.9	41.4	11	14.8	38	0.684	47	0.532	51	0.314	0.5	0.54	4.8	1.9	5.1	2.5	16.4	0.38	0.12	0.77	5.7	115	107.1
	Malcolm Hill	Chi	F	27.13	3	0.4	0.8	0		0	0	0	0	0	0			0	0.3	46.7	0	0	0	0	0	0		
	Aaron Holiday	Atl	G	26.2	25	18.1	37.6	13.2	14.7	20	0.85	71	0.423	42	0.405	0.491	0.525	5.1	1.6	4.8	1.6	11.3	0.84	0.2	0.84	5.2	105.8	107.8
	Jrue Holiday	Mil	G	32.5	21	32.9	68.6	26.1	15.7	57	0.895	205	0.512	131	0.359	0.522	0.557	19.1	5.3	8.4	7.4	35.9	1.52	0.43	3.19	11	112.3	104.3
	Justin Holiday	Atl	F-G	33.69	22	16.4	34.2	14.5	9.6	0	0	34	0.471	79	0.342	0.5	0.5	5.1	0.9	2.8	0.8	6.5	0.23	0.36	0.55	3.8	97.6	110.4
	Richaun Holmes	Sac	F	29.16	13	9.8	20.5	10.9	15.3	6	0.667	23	0.696	2	0.5	0.7	0.705	3	1.9	11.2	0	0	0.15	0.08	0.38	0	124.4	100.8
	Al Horford	Bos	C-F	36.53	20	31.6	65.8	11.5	9.1	8	0.625	59	0.644	88	0.466	0.677	0.678	10.2	6.3	11.1	2.8	11.7	0.45	1	0.75	7.1	134.4	108.4
	Talen Horton-Tucker	Uta	G	22.05	27	17.2	35.9	22.3	14.2	41	0.732	114	0.491	80	0.238	0.436	0.469	7.4	2.7	8.8	2.5	20.3	0.81	0.41	1.3	8.6	98.8	108.5
	Danuel House Jr.	Phi	F-G	29.52	22	18.4	38.3	11.1	13	28	0.75	32	0.656	43	0.349	0.58	0.618	4.9	2	6.4	0.8	5.8	0.27	0.23	0.59	4.3	114.7	108.2
	Caleb Houstan	Orl	G	19.93	21	18.6	38.8	10.2	6.5	13	0.846	23	0.391	57	0.351	0.488	0.519	4.2	2.6	8.1	0.8	5.6	0.19	0.1	0.29	4.4	115.4	110.1
	Trevor Hudgins	Hou	G	23.73	1	3.8	7.9	10.9	0	0	0	0	0	1	1	1.5	1.5	3	0	0	0	0	0	0	0	0		
	Kevin Huerter	Sac	G-F	24.3	25	32.2	67.2	19	10.6	60	0.683	115	0.557	178	0.416	0.597	0.612	15.6	3.4	6	3.3	14.4	1.12	0.36	1.52	6.9	116.4	108.4
	De'Andre Hunter	Atl	F-G	25.03	23	30.2	62.9	20.9	9.2	76	0.816	194	0.49	88	0.364	0.507	0.552	15.1	3.8	6.8	1.1	5.1	0.35	0.13	1.39	5.3	107.2	108.5
	Bones Hyland	Den	G	22.24	18	21.3	44.5	29.7	12.2	44	0.818	96	0.344	115	0.443	0.519	0.553	14.2	2.2	6.1	3.3	22.9	0.72	0.39	1.78	8.8	108.9	111.7
	Serge Ibaka	Mil	F	33.24	14	11.3	23.6	15.3	13.9	13	0.615	30	0.567	14	0.429	0.591	0.603	4.3	2.9	13.2	0.3	3.6	0	0.43	0.57	5.5	113.6	98.4
	Brandon Ingram	Nor	F	25.28	15	32.1	66.8	27.1	13.7	76	0.868	171	0.474	60	0.467	0.532	0.59	20.8	5.1	8.9	4.7	21.9	0.87	0.67	2.8	9.9	113.1	105.4
	Kyrie Irving	Bro	G	30.72	20	36.8	76.7	28.7	9.9	85	0.918	228	0.588	162	0.327	0.547	0.591	25.3	4.8	7.4	4.6	20	0.85	1.1	2.35	9	114.3	110.3
	Jaden Ivey	Det	G	20.83	25	30.7	63.9	24.8	15.4	108	0.722	212	0.462	120	0.3	0.458	0.503	15.3	4.4	7.9	4	20.4	1.08	0.32	2.76	8.4	99.3	111
	Jaren Jackson Jr.	Mem	F-C	23.24	11	26.3	54.8	25.6	10.5	55	0.764	82	0.61	55	0.364	0.584	0.627	18.4	6.2	12.5	0.4	2.1	1	3.64	1.73	5.4	118.3	101.2
	Isaiah Jackson	Ind	F	20.92	25	16.1	33.6	17.9	13.8	68	0.691	115	0.557	5	0.2	0.546	0.594	7.1	4.1	13.9	1	9.1	0.48	1.2	0.96	7.6	116.9	101
	Justin Jackson	Bos	F	27.71	12	5.1	10.7	10	7.1	0	0	2	0	11	0.182	0.231	0.231	0.5	0.6	6.4	0.3	7.7	0.17	0.17	0.08	3.5	62.4	110.3
	Reggie Jackson	Lac	G	32.66	28	29.4	61.3	21.5	16.3	50	0.9	186	0.446	130	0.354	0.481	0.516	12.5	2.6	4.8	4.1	21.3	0.64	0.11	2.36	6.9	100.2	108.9
	LeBron James	Lal	F	37.95	19	35.9	74.8	31.7	12	91	0.714	275	0.545	138	0.319	0.523	0.549	26.2	8.6	12.6	6.3	30	1.21	0.58	3.26	12.5	107.9	108.3
	Ty Jerome	Gol	G-F	25.43	12	14.5	30.3	12.1	8	12	1	22	0.636	19	0.368	0.598	0.659	5.1	1	3.8	1.8	15.5	0.08	0.08	0.33	5.8	136.9	112.5
	Isaiah Joe	Okc	G	23.45	20	10	20.8	19.6	10.6	12	0.833	11	0.636	68	0.471	0.696	0.712	6	1.9	9.7	1	14.6	0.5	0.1	0.5	9	132.1	105.6
	Alize Johnson	San	F	26.64	4	7.4	15.4	15.3	36.8	2	0.5	4	0.75	2	0	0.5	0.509	1.8	2.5	18.9	0.3	4.4	0.25	0	1	6	73.7	107.1
	Cameron Johnson	Pho	F	26.78	8	25.3	52.7	18.8	2.2	11	0.727	32	0.469	51	0.431	0.578	0.592	13	3.4	7.5	1.8	9.7	1.13	0.38	0.25	6.8	126.8	108.9
	Jalen Johnson	Atl	F	20.99	26	16.1	33.6	13.9	10.8	23	0.696	73	0.575	41	0.22	0.487	0.512	4.9	3.8	12.7	1.1	8.8	0.58	0.31	0.58	6.8	106.4	102.2
	James Johnson	Ind	F	35.81	7	8.9	18.5	12	11.1	0	0	9	0.556	7	0.143	0.406	0.406	1.9	1.1	7	0.7	10.7	0.14	0.29	0.29	5.1	86.4	91.5
	Keldon Johnson	San	F-G	23.17	25	32.6	67.9	29.1	10.5	111	0.739	262	0.45	199	0.342	0.477	0.512	20.9	5.2	9	2.9	13.9	0.8	0.12	2.4	8.4	101.2	116.4
	Keon Johnson	Por	G	20.76	8	14.1	29.4	25.4	22.9	6	0.333	23	0.348	25	0.36	0.448	0.444	5.6	2	8.1	1.4	14.5	0.63	0.25	1.88	7.1	78.9	106.7
	Nikola Jokic	Den	C	27.81	23	32.5	67.7	27.5	16.3	146	0.801	275	0.684	57	0.316	0.648	0.69	23.8	10.1	18.1	9.1	44.8	1.22	0.74	3.35	16	133.5	106.3
	Derrick Jones Jr.	Chi	F	25.82	21	13.8	28.8	15.6	7.6	35	0.829	56	0.554	26	0.346	0.543	0.606	5.6	2.4	9.8	0.6	5.7	0.52	0.71	0.38	5.8	126.5	104.6
	Damian Jones	Lal	C	27.46	13	9.1	19	13.9	17.9	14	0.786	25	0.56	1	0	0.538	0.606	3	3.1	17.8	0.3	4.5	0.08	0.54	0.54	6.2	120.2	105.2
	Herbert Jones	Nor	F	24.19	17	28.1	58.6	16.6	11.2	54	0.741	93	0.527	49	0.286	0.493	0.543	10.6	3.7	7.4	2.1	9.6	1.18	0.82	1.24	6.2	111.8	100.8
	Kai Jones	Cha	C-F	21.9	18	10.2	21.2	14.1	13	10	0.7	38	0.526	11	0.273	0.5	0.524	3.1	2.3	12.3	0.2	3.1	0.22	0.56	0.44	4.4	106.7	105.1
	Tre Jones	San	G	22.93	26	30.5	63.6	19.2	13.9	72	0.903	219	0.466	66	0.303	0.463	0.519	12.7	3.4	6.2	6.6	30.1	1.5	0.19	1.96	8.6	112.5	115.6
	Tyus Jones	Mem	G	26.59	27	23.8	49.6	18.7	10.6	30	0.7	139	0.496	109	0.385	0.532	0.546	10.6	2.2	5	4.9	28.2	0.78	0.07	1.15	8.2	119.5	114.7
	DeAndre Jordan	Den	C	34.39	21	15.4	32.2	13.4	26	32	0.469	59	0.763	1	1	0.775	0.729	5.1	5.9	22.1	1	8.1	0.14	0.71	1.24	8.1	120	105.2
	Cory Joseph	Det	G	31.32	23	15.5	32.4	14.1	9.3	17	0.647	57	0.474	43	0.372	0.51	0.526	4.9	1.1	3.8	3.2	29.9	0.3	0.09	0.48	6.7	121.6	114
	Nikola Jovic	Mia	F	19.51	11	15.4	32	19.5	12.1	19	0.947	29	0.586	28	0.214	0.456	0.535	6.4	2.5	9.1	0.9	9	0.55	0.09	0.82	6.3	106.1	105.2
	Mfiondu Kabengele	Bos	F-C	25.33	1	8.3	17.3	10.6	0	0	0	1	1	1	0	0.5	0.5	2	4	27	0	0	0	0	0	0	163.9	104.4
	Frank Kaminsky	Atl	F-C	29.69	12	7.3	15.1	13.3	14.5	6	1	8	0.625	13	0.462	0.667	0.719	2.8	1.3	9.9	0.8	13.6	0.08	0	0.33	7.8	132.9	103.1
	Trevor Keels	Nyk	G	19.3	1	1	2.1	41.7	0	0	0	0	0	1	0	0	0	0	1	52.1	0	0	0	0	0	0		
	Luke Kennard	Lac	G	26.47	18	21.8	45.4	14.4	14.7	5	1	41	0.585	67	0.463	0.653	0.662	8.1	2.7	6.8	1	6.8	0.61	0.06	1.06	5.1	113.5	107.5
	Walker Kessler	Uta	C	21.38	26	16.6	34.6	12.2	13.6	40	0.575	90	0.756	0	0	0.756	0.739	6.1	5.7	18.9	0.6	4.8	0.19	1.81	0.65	6.6	141.6	103.4
	Braxton Key	Det	F	25.83	3	3	6.3	8.8	0	2	1	1	1	0	0	1	1.064	1.3	0.3	6	0	0	0	0	0	0		
	Corey Kispert	Was	F	23.78	20	28.3	59	12.8	9	23	0.739	55	0.618	86	0.407	0.613	0.629	9.5	2.7	5.1	1.7	8	0.65	0.15	0.75	5	122.5	113.9
	Maxi Kleber	Dal	F	30.87	22	25.7	53.4	9.8	10.6	14	0.786	39	0.692	65	0.369	0.606	0.622	6.2	3.5	8.2	1	5.2	0.32	1	0.59	4.3	122.8	108.9
	Nathan Knight	Min	F-C	25.23	10	2.8	5.9	15.3	29.4	5	0.6	4	0.75	1	0	0.6	0.625	0.9	0.6	11.8	0	0	0.3	0	0.3	0		
	Kevin Knox II	Det	F	23.34	22	13.7	28.5	15.7	10.7	13	0.692	33	0.636	61	0.361	0.574	0.587	5.3	2.4	9.5	0.4	4	0.32	0.32	0.55	5	110.5	106.7
	Christian Koloko	Tor	C	22.48	27	16.7	34.7	10.9	12.1	43	0.651	76	0.487	7	0	0.446	0.5	3.8	3.4	11.7	0.4	3.5	0.26	1.33	0.52	4.1	111.7	99.5
	John Konchar	Mem	G	26.73	25	27.6	57.5	11.5	9.4	17	0.882	70	0.586	97	0.392	0.587	0.605	8.4	6.3	12.1	1.5	7.1	1.12	0.28	0.72	6.2	124.8	105.9
	Furkan Korkmaz	Phi	G-F	25.39	15	12.5	26.1	19.2	13.7	24	0.708	31	0.419	28	0.357	0.475	0.525	4.9	1.3	6.3	0.9	10.8	0.27	0.13	0.73	5.7	101.7	112.2
	Luke Kornet	Bos	F-C	27.41	23	13.6	28.3	11.6	13.4	16	0.938	58	0.759	6	0.333	0.734	0.767	4.7	3.4	14.1	0.8	8.4	0.22	0.96	0.48	6.9	149.1	102.5
	Vit Krejci	Atl	G	22.48	13	7.3	15.3	11.8	11.2	2	0.5	8	0.5	15	0.333	0.5	0.503	1.8	0.8	6.2	0.8	13.3	0.15	0.08	0.23	5.7	109.6	107.5
	Jonathan Kuminga	Gol	F	20.19	23	16.7	34.9	18.4	17.8	35	0.714	80	0.613	43	0.256	0.533	0.564	6.8	3.1	10.2	1.1	9.1	0.35	0.48	1.3	6.8	103	104.8
	Kyle Kuzma	Was	F	27.39	27	35	72.8	27.5	12.4	98	0.714	276	0.547	202	0.337	0.529	0.553	21.3	7.7	12.1	3.6	16.4	0.44	0.44	2.74	9.6	104.9	109
	Anthony Lamb	Gol	F	24.9	19	17.8	37.1	13.1	18.9	6	0.333	32	0.719	51	0.373	0.62	0.613	5.5	3.3	10.3	1.5	11.1	0.63	0.21	1.05	6.8	110.5	103
	Jock Landale	Pho	C	27.13	24	13.1	27.3	19.9	13.5	36	0.778	81	0.667	31	0.161	0.549	0.591	6.3	3.6	15.4	0.8	8.1	0.25	0.67	0.83	8	117.9	100.2
	Romeo Langford	San	G-F	23.13	16	19.8	41.2	14.5	11.8	23	0.696	63	0.587	24	0.208	0.511	0.541	6.6	3	8.4	0.9	6.4	0.69	0.44	0.81	5.3	111.1	113.9
	Jake LaRavia	Mem	F	21.11	17	17.6	36.7	12	17.2	5	1	21	0.476	49	0.388	0.55	0.568	4.8	3	9.1	0.9	6.7	0.53	0.18	0.88	5.3	108.5	103.4
	Zach LaVine	Chi	G-F	27.76	22	34.2	71.2	28	11.4	92	0.826	221	0.493	173	0.358	0.513	0.552	21.8	4.5	7.4	4.1	18.9	1.27	0.05	2.55	8.6	106.8	107.9
	A.J. Lawson	Min	G	25.63	1	1.8	3.8	23.3	0	0	0	1	1	0	0	1	1	2	1	30.7	0	0	0	0	0	0		
	Damion Lee	Pho	G-F	30.14	27	21.4	44.6	14.4	10.7	25	0.92	60	0.433	105	0.486	0.621	0.648	8.4	3.5	9.2	1.3	7.9	0.44	0.11	0.78	6.3	125.7	109.6
	Saben Lee	Phi	G	23.47	2	5.1	10.5	31	42.9	0	0	3	1	1	0	0.75	0.75	3	0	0	1	38.2	0.5	0	1.5	0	86.8	103
	Alex Len	Sac	C	29.49	8	3.1	6.5	17	0	2	0.5	9	0.556	0	0	0.556	0.557	1.4	1.1	20.8	0.3	11.9	0	0	0	10		
	Kawhi Leonard	Lac	F	31.46	9	25.5	53.1	23.6	9.7	27	0.778	68	0.559	32	0.219	0.485	0.527	13.1	5.6	11.9	3.8	23.9	0.56	0.11	1.33	10.2	110.3	106.4
	Caris LeVert	Cle	G	28.3	24	31.1	64.7	20.1	12.8	59	0.814	163	0.417	105	0.362	0.466	0.507	12.4	4.3	8.1	4.5	20.9	0.75	0.08	1.79	8	107.3	104.1
	Damian Lillard	Por	G	32.41	15	35.1	73.2	32.3	14.4	121	0.901	114	0.526	166	0.392	0.563	0.636	28.3	4	6.5	7.1	34.3	0.73	0.27	3.73	10.6	122.6	113.1
	Nassir Little	Por	F-G	22.84	21	15.3	31.9	15.5	12.3	21	0.667	48	0.563	43	0.372	0.56	0.579	5.5	2.4	8.9	0.9	8.1	0.38	0.14	0.67	6	110.6	111.3
	Isaiah Livers	Det	F	24.38	22	19.6	40.7	12.4	10.3	20	0.75	23	0.565	81	0.358	0.543	0.567	5.8	2.3	6.4	0.6	4.2	0.41	0.55	0.59	4.1	110.3	111.6
	Kenneth Lofton Jr.	Mem	F	20.33	5	4.6	9.5	29.5	6.1	3	0.333	13	0.538	1	0	0.5	0.49	3	0.8	9.4	0.8	29.9	0	0	0.2	10.8	107.8	102.6
	Kevon Looney	Gol	F	26.85	27	23.1	48	9.4	7.9	41	0.61	111	0.667	0	0	0.667	0.67	6.4	7.6	18.2	2.8	15.5	0.37	0.59	0.41	8.9	154.4	102.6
	Brook Lopez	Mil	C	34.7	25	31.2	65.1	17.7	9.5	52	0.846	135	0.563	139	0.403	0.584	0.613	14.6	5.9	9.9	1.1	5.3	0.52	2.92	1.24	5.8	119.8	104.3
	Robin Lopez	Cle	C	34.7	19	9.4	19.5	14.8	21.9	12	0.75	41	0.659	0	0	0.659	0.681	3.3	1.5	9.2	0.5	7.5	0.05	0.11	0.68	5.8	119.4	100.3
	Kevin Love	Cle	F-C	34.26	20	19.9	41.6	21	12.7	40	0.875	43	0.488	104	0.385	0.551	0.598	9.9	6.9	20.3	2.2	16	0.2	0.15	1.2	10.7	117.8	98.7
	Kyle Lowry	Mia	G	36.72	27	36.3	75.7	18	16.8	103	0.854	106	0.481	181	0.348	0.507	0.57	14	4.8	7.5	5.9	24.1	1.19	0.56	2.48	8.1	111.8	105.2
	Trey Lyles	Sac	F	27.1	20	13.7	28.6	20.1	14.7	23	0.739	33	0.515	67	0.343	0.515	0.545	6	2.7	11.3	0.7	6.9	0.3	0.35	0.95	6.6	104.3	107.4
	Theo Maledon	Cha	G	21.5	25	16.9	35.1	15	18.5	34	0.912	68	0.485	40	0.375	0.514	0.577	5.7	2.4	7.6	2.4	19.9	0.76	0.2	1.12	7.6	111.1	111.5
	Sandro Mamukelashvili	Mil	F-C	23.56	12	7.5	15.6	17.6	10.7	10	0.5	14	0.5	15	0.267	0.448	0.464	2.6	1.9	13.5	0.3	4.6	0.08	0.17	0.33	6.1	95.7	101.1
	Terance Mann	Lac	G-F	26.15	28	21.4	44.6	15.8	13.4	39	0.744	116	0.629	54	0.352	0.597	0.62	8.3	3.7	9.5	1.8	12.3	0.57	0.29	1.04	7.1	120.3	104.6
	Tre Mann	Okc	G	21.86	24	21.1	43.9	20.4	9.3	19	0.632	100	0.49	117	0.291	0.461	0.47	8.8	2.5	6.3	1.7	11	0.83	0.13	0.96	6.3	97.1	110.7
	Boban Marjanovic	Hou	C	34.33	8	3.7	7.8	20.9	13.3	7	0.714	9	0.667	1	0	0.6	0.65	2.1	0.9	12.8	0.1	5.5	0.13	0.13	0.25	6.2		
	Lauri Markkanen	Uta	F-C	25.56	26	33.9	70.6	23.8	11.2	114	0.833	225	0.613	167	0.413	0.616	0.654	22.2	8.5	13.9	2.2	10.2	0.58	0.69	2.15	8.8	124.4	111.4
	Naji Marshall	Nor	F	24.89	24	21.8	45.5	15.4	11.6	39	0.795	89	0.528	62	0.355	0.53	0.568	8	3.1	7.9	2.3	13.8	0.71	0.25	0.92	7.1	117.4	106.9
	Kenyon Martin Jr.	Hou	F	21.93	26	24.2	50.5	16.8	12.1	62	0.661	127	0.669	71	0.31	0.596	0.615	10.7	5.2	11.6	1.5	9.4	0.38	0.42	1.19	7.2	120.7	112.6
	Caleb Martin	Mia	F	27.21	27	33	68.7	14.7	10.5	37	0.784	145	0.51	103	0.417	0.558	0.579	11.3	4.8	8.3	1.9	8.5	1.19	0.37	1.15	5.7	114.3	107.2
	Cody Martin	Cha	F	27.21	1	0.9	1.9	0		0	0	0	0	0	0			0	0	0	0	0	0	0	0	0		
	Tyrese Martin	Atl	G	23.77	8	4.1	8.5	16.6	0	0	0	8	0.375	5	0.2	0.346	0.346	1.1	0.5	6.6	0	0	0.13	0	0	0	83.8	115.8
	Garrison Mathews	Hou	G	26.13	22	13.5	28.1	13.6	7.2	26	0.923	4	0.5	75	0.373	0.557	0.619	5.1	1.1	4.6	0.4	4.3	0.55	0.14	0.32	3.9	127.5	109.4
	Bennedict Mathurin	Ind	G-F	20.49	28	28.7	59.8	25.8	10.6	161	0.801	227	0.458	149	0.349	0.484	0.552	17.6	4	7.6	1.5	8	0.61	0.07	1.89	6.6	107.2	113.4
	Wesley Matthews	Mil	G	36.16	18	15.5	32.2	10.4	8.8	8	0.875	12	0.333	47	0.298	0.424	0.456	3.2	1.9	6.4	0.6	4.6	0.5	0.22	0.33	4	104.7	101.5
	Tyrese Maxey	Phi	G	22.1	15	36.4	75.8	27.2	9	65	0.738	171	0.485	102	0.422	0.54	0.569	22.9	3.5	5.6	4.4	20.7	1	0.27	2	7.8	111.9	108.9
	Miles McBride	Nyk	G	22.26	15	10.2	21.3	14.8	11	8	0.5	19	0.526	26	0.192	0.389	0.402	2.6	0.6	3.1	1.6	20.7	0.53	0	0.4	5.3	97.3	108.1
	CJ McCollum	Nor	G	31.23	22	34.9	72.7	24.4	10.2	40	0.825	234	0.457	144	0.319	0.466	0.487	17.5	4.9	7.8	5.9	24.5	1.09	0.55	2.05	9.1	105.2	107.9
	T.J. McConnell	Ind	G	30.72	25	17.7	36.9	16.9	22.1	15	0.867	119	0.479	15	0.267	0.47	0.494	5.6	2.4	7.2	4.1	32.5	1.2	0.2	1.6	8.6	103.7	110.1
	Jaden McDaniels	Min	F	22.2	24	29.7	61.8	14.3	14.9	35	0.771	118	0.636	73	0.37	0.605	0.625	10.8	3.1	5.8	1.3	6.1	1.08	1.21	1.5	4.7	113.4	107.4
	Jalen McDaniels	Cha	F-C	24.87	27	26.8	55.7	17	12.6	47	0.872	140	0.514	95	0.337	0.511	0.55	10.4	4.7	9.4	2.4	12.7	1.04	0.52	1.37	7.3	109.3	104.9
	Doug McDermott	San	F	30.94	23	20.8	43.4	18.8	10.1	20	0.7	78	0.564	108	0.417	0.599	0.608	10.3	2	5.2	1.6	11.2	0.09	0.17	0.96	6.2	114.7	117
	JaVale McGee	Dal	C-F	34.9	17	9.3	19.4	23.3	19.6	22	0.545	53	0.642	3	0.333	0.634	0.632	4.9	2.6	16.5	0.2	4.3	0.18	0.53	0.94	5.9	105.7	99.7
	Bryce McGowens	Cha	G	20.1	12	15.2	31.6	12.5	11.1	12	0.917	27	0.444	16	0.375	0.488	0.549	4.4	1.4	5	1.1	9.6	0.33	0.33	0.5	5	112.3	116.4
	Rodney McGruder	Det	G	31.38	9	9.2	19.2	13.7	11.2	4	1	6	0.333	16	0.188	0.295	0.358	1.9	1.8	10.6	0.8	11.2	0	0	0.33	6.1	92.2	118.6
	Jordan McLaughlin	Min	G	26.68	18	15.9	33.2	12.3	16.7	9	1	32	0.625	34	0.235	0.485	0.522	4.1	1.7	5.8	3.6	28.8	0.83	0.11	0.78	7.4	118.5	116.2
	De'Anthony Melton	Phi	G	24.55	24	29.4	61.3	19.2	14.2	25	0.68	107	0.467	142	0.394	0.538	0.548	11.9	4.4	8.9	3.3	16.6	2.21	0.46	1.79	7.6	107.1	104.3
	Chimezie Metu	Sac	F-C	25.73	21	12.2	25.4	17.1	14.6	20	0.8	61	0.738	18	0.222	0.646	0.672	5.6	3.3	15.6	0.8	9.1	0.38	0.24	0.71	8	121.8	102.6
	Khris Middleton	Mil	F	31.34	5	23.9	49.7	22	6.4	14	0.857	26	0.423	26	0.269	0.413	0.473	11	2.4	5.3	4.6	27.8	0.6	0.2	0.8	8.3	111.4	102.9
	Patty Mills	Bro	G	34.34	21	12	25.1	18.5	8.5	12	0.917	28	0.571	63	0.381	0.571	0.597	5.5	1	5	1.3	15	0.24	0.05	0.43	6.4	118.9	115.6
	Shake Milton	Phi	G-F	26.21	22	24.1	50.3	21	16.1	41	0.854	141	0.567	50	0.38	0.568	0.603	11.5	3.4	8.3	3.5	23.4	0.32	0.18	1.82	8.6	114.6	108.1
	Josh Minott	Min	F	20.05	2	4.3	9	14.1	0	2	1	2	0.5	0	0	0.5	0.694	2	1.5	19.3	0.5	15.2	0.5	0.5	0	10.6	174.9	101.3
	Davion Mitchell	Sac	G	24.27	25	20	41.7	15.6	15.3	17	0.706	82	0.573	65	0.308	0.524	0.537	6.6	1.6	4.6	2.4	16.1	0.52	0.24	1.12	5.9	102.9	108.3
	Donovan Mitchell	Cle	G	26.26	24	36.6	76.3	31.5	11.7	129	0.891	277	0.556	217	0.419	0.588	0.632	29	4	6.4	4.7	23.4	1.42	0.42	3.04	8.9	120.4	104.7
	Evan Mobley	Cle	C	21.49	28	34.5	71.8	19.1	14.5	103	0.68	280	0.589	29	0.241	0.568	0.594	15	9.5	16.1	2.5	11.3	0.82	1.36	2.14	8.2	116.6	100.6
	Isaiah Mobley	Cle	F	23.22	7	3.5	7.4	14.3	0	0	0	6	0.5	2	0.5	0.563	0.563	1.3	1.6	26	0	0	0.14	0	0	0		
	Chima Moneke	Sac	F	26.97	2	4	8.2	26.4	41	2	0	2	0.5	0	0	0.5	0.347	1	1	14.5	0.5	16.8	0	0	1	7.9	73.6	94.1
	Malik Monk	Sac	G	24.85	25	22.5	46.9	27.1	14	52	0.904	139	0.59	145	0.345	0.553	0.588	14.4	2.3	5.8	3.8	26.4	0.68	0.16	2	8.9	111.3	109
	Moses Moody	Gol	G	20.54	22	14.7	30.6	14.8	18.5	22	0.818	29	0.517	54	0.37	0.542	0.583	4.9	1.9	7	0.5	4.7	0.36	0.23	0.95	4.5	99.8	112.8
	Wendell Moore Jr.	Min	G	21.24	10	6.3	13	17.7	19	3	0.667	10	0.7	10	0.2	0.5	0.516	2.2	0.8	7.1	0.4	8.6	0.2	0.1	0.5	5.6	90.1	105.1
	Ja Morant	Mem	G	23.34	22	33.1	68.9	35.8	13.1	198	0.742	353	0.49	110	0.355	0.5	0.554	27.7	6.6	10.6	7.8	39.2	1.18	0.27	3.77	13.6	113.8	107.6
	Marcus Morris Sr.	Lac	F	33.28	26	30.1	62.7	19	6.2	37	0.784	165	0.509	137	0.387	0.541	0.559	13.7	4.8	8.7	1.8	9.2	0.73	0.35	0.81	6.5	111.8	105.7
	Markieff Morris	Bro	F	33.28	17	11.6	24.3	15.4	16	6	1	20	0.35	35	0.457	0.564	0.59	4	2.5	12.4	1	11.4	0.35	0.24	0.65	7.4	112.1	103.8
	Monte Morris	Was	G	27.46	23	27.9	58.2	15.1	9.9	24	0.75	114	0.5	76	0.368	0.521	0.538	9.4	3.5	6.9	5.2	25.8	0.7	0.22	0.96	8	118.3	112.9
	Trey Murphy III	Nor	F	22.49	24	28.8	60.1	16.2	8	47	0.936	79	0.595	142	0.401	0.6	0.639	12.9	4.4	8.6	1.5	6.8	1.17	0.5	0.88	6.1	127.2	105.4
	Dejounte Murray	Atl	G	26.23	25	35.6	74.1	25.7	11.7	67	0.836	309	0.492	145	0.366	0.51	0.537	20.8	5.4	8.2	6.2	26.8	1.76	0.44	2.56	10	108.9	110.7
	Jamal Murray	Den	G	25.8	22	30.4	63.3	27.2	10.3	70	0.786	227	0.489	118	0.356	0.504	0.536	18.3	3.7	7.1	5.1	25	0.91	0.23	1.95	9.2	110.9	114.9
	Keegan Murray	Sac	F	22.32	23	28.7	59.7	17.9	11.6	31	0.839	95	0.526	136	0.368	0.541	0.564	12	4.1	8.2	0.8	4	0.74	0.65	1.39	4.7	103.9	108.3
	Mike Muscala	Okc	F-C	31.45	17	12.5	26.1	16.8	8.1	16	0.75	24	0.667	48	0.333	0.556	0.582	5.4	3.2	13.5	0.9	9.6	0.12	0.47	0.41	8	118.9	103.1
	Svi Mykhailiuk	Nyk	G-F	25.51	9	3.2	6.7	17.6	16.2	3	0.333	2	0	7	0.714	0.833	0.775	1.8	0.7	10.7	0	0	0	0	0.22	0		
	Larry Nance Jr.	Nor	F-C	29.95	24	23	48	14.1	12.6	31	0.774	126	0.698	20	0.45	0.695	0.711	9.5	5.6	13.7	1.9	11.6	1.04	0.92	0.96	8.1	136.8	100.6
	Andrew Nembhard	Ind	G-F	22.91	23	25.2	52.4	14.8	16	15	0.867	79	0.532	88	0.409	0.575	0.59	8.9	3	6.6	4	22.6	1	0.17	1.43	7.5	115.7	107.1
	Aaron Nesmith	Ind	G-F	23.16	24	21.7	45.1	16.5	12.6	32	0.844	71	0.437	96	0.365	0.5	0.536	8.1	3.3	8.2	1.1	7	0.79	0.54	1.08	5.7	102.3	103.4
	Raul Neto	Cle	G	30.57	18	9.3	19.4	13.9	11.5	12	0.833	24	0.583	17	0.294	0.524	0.573	2.9	0.8	5.3	1.2	18.4	0.39	0	0.33	6.1	120.9	104
	Georges Niang	Phi	F	29.49	24	19.4	40.5	18.9	10.1	15	0.867	46	0.543	125	0.432	0.62	0.633	9.4	2.1	6.3	1.1	9	0.42	0.29	0.83	5.8	115.7	103.2
	Daishen Nix	Hou	G	20.83	24	15.1	31.4	13.9	26.3	17	0.765	29	0.379	53	0.321	0.445	0.481	3.6	1.8	6.3	2.6	23.8	0.71	0.13	1.33	6.8	97.9	113.1
	Zeke Nnaji	Den	F-C	21.93	18	10.1	21	16.7	13	10	0.8	42	0.714	14	0.214	0.616	0.637	4.3	1.4	8	0.2	3.1	0.17	0.17	0.5	4.2	120.8	106.4
	Nerlens Noel	Det	C-F	28.68	6	10.3	21.5	12.2	16.9	4	0.75	13	0.308	0	0	0.308	0.373	1.8	3.2	16.8	0.5	6.5	0.83	0.33	0.5	5.5	82.3	98.2
	Jaylen Nowell	Min	G	23.43	27	18.6	38.8	26.7	7.5	47	0.787	166	0.524	109	0.303	0.496	0.524	11.5	2.8	8.4	2.1	17.9	0.59	0.07	0.89	8.8	108.2	110.8
	Frank Ntilikina	Dal	G	24.38	9	9.1	19	14.7	11.2	4	0.75	9	0.333	13	0.154	0.273	0.316	1.7	1.3	8.7	1.3	19.5	0.33	0.22	0.33	6.2	86.5	104.2
	Kendrick Nunn	Lal	G	27.36	22	12.8	26.7	23.7	15.7	11	0.909	65	0.446	64	0.266	0.422	0.445	5.4	1.3	5.2	1.1	12.5	0.23	0.05	1.14	6.2	82.4	110.1
	Jusuf Nurkic	Por	C	28.31	24	29.4	61.3	21.7	16.6	98	0.694	207	0.551	42	0.405	0.56	0.594	14.5	10.4	20.2	2.8	14.9	0.75	0.92	2.42	10.2	114.7	100.7
	Jordan Nwora	Mil	F	24.26	22	18.4	38.4	17.5	12.4	29	0.828	65	0.354	70	0.371	0.459	0.501	6.7	3.5	9.8	1	7.8	0.32	0.14	0.95	6.2	102.2	106.5
	Chuma Okeke	Orl	F	24.32	18	21.8	45.3	11.7	8.6	21	0.762	27	0.519	60	0.3	0.471	0.509	5.4	4.2	11.2	1.4	9.1	0.61	0.5	0.5	5.8	115.5	108.5
	Josh Okogie	Pho	G	24.28	23	9	18.8	19	13.9	28	0.714	36	0.5	32	0.25	0.441	0.498	3.5	2.2	13.8	0.8	11.8	0.57	0.3	0.57	8.1	108.8	100
	Onyeka Okongwu	Atl	F-C	22	27	20.8	43.4	14.1	13.7	52	0.712	138	0.638	3	0	0.624	0.65	7.9	6.3	16.4	1	6.4	0.59	0.7	0.96	7.1	127.8	99.7
	Isaac Okoro	Cle	F-G	21.88	28	18.7	38.9	11.2	14.4	28	0.821	52	0.538	49	0.245	0.455	0.507	4.1	2	6.4	0.6	4.6	0.61	0.36	0.68	3.6	100.2	100.4
	KZ Okpala	Sac	F-G	23.63	17	8.6	17.9	8.7	10.1	6	1	14	0.571	10	0.3	0.521	0.582	1.8	1.4	9	0.5	7.7	0.18	0.24	0.18	5	126.1	102.1
	Victor Oladipo	Mia	G	30.61	4	20.5	42.7	18.7	8.7	6	0.5	14	0.571	15	0.267	0.483	0.49	7.8	2.8	7.7	2.8	20.8	0.25	0	0.75	7.7	103.6	105.5
	Kelly Olynyk	Uta	F-C	31.65	29	28.9	60.2	17.1	18.5	94	0.83	136	0.61	101	0.455	0.641	0.686	13.2	5	9.6	3.3	15.6	1.21	0.66	2.17	8.3	124.2	103.1
	Eugene Omoruyi	Okc	F	25.83	10	13.2	27.4	17.9	8.8	11	0.636	27	0.593	20	0.35	0.564	0.579	6	2.1	8.3	0.5	5.4	0.7	0	0.5	5.6	115.9	96.9
	Royce O'Neale	Bro	F	29.52	27	36	75	13.3	16.6	25	0.64	81	0.321	150	0.407	0.509	0.519	9.3	5.4	8.5	4.7	16.6	1.11	0.67	1.78	6.9	106.2	107.2
	Cedi Osman	Cle	F	27.68	28	23.1	48.2	17.4	10.3	39	0.692	96	0.583	114	0.325	0.531	0.55	8.9	3	7.5	1.6	10.2	0.43	0.14	0.93	6.1	108.4	103.4
	Kelly Oubre Jr.	Cha	F-G	27.01	27	33	68.8	26.4	5.7	110	0.718	283	0.519	198	0.318	0.502	0.531	20.8	5.2	8.5	1.2	6.1	1.7	0.33	1.19	6.1	109	108.2
	Chris Paul	Pho	G	37.61	13	30.3	63.1	15.9	16.9	39	0.872	59	0.424	47	0.319	0.448	0.524	9.9	4.6	8.6	8.9	37.1	1.46	0.15	1.92	9.8	121.2	105.6
	Cameron Payne	Pho	G	28.35	25	25.5	53	24.1	13.8	47	0.766	172	0.436	120	0.375	0.488	0.513	12.8	2.5	5.5	5.5	30.7	0.96	0.2	2	8.8	108.1	108.3
	Theo Pinson	Dal	G-F	27.1	8	3.4	7.1	11.4	14.5	2	1	1	1	4	0	0.2	0.34	0.5	0.8	13.1	0.3	9.5	0.13	0	0.13	5.8		
	Scotty Pippen Jr.	Lal	G	22.09	2	4.2	8.8	23.8	21	4	0.75	2	0	0	0	0	0.399	1.5	1	12.6	0	0	0	0	0.5	0	82	93.5
	Mason Plumlee	Cha	F-C	32.78	27	27.9	58	14.7	19	111	0.568	165	0.588	0	0	0.588	0.601	9.5	9.3	17.8	4.1	20.7	0.63	0.56	1.85	10.2	120.8	103.3
	Jakob Poeltl	San	C	27.16	20	27.2	56.7	19.1	19.2	56	0.518	178	0.64	0	0	0.64	0.634	12.9	9.9	20.1	3.5	19.1	0.9	1	2.4	11.2	118.7	110.3
	Aleksej Pokusevski	Okc	C	20.97	24	22.8	47.4	18.1	14.3	23	0.609	115	0.496	79	0.392	0.534	0.541	9.2	5.4	12.4	1.9	11.6	0.54	1.46	1.42	8	107.1	108.6
	Jordan Poole	Gol	G	23.49	27	28.1	58.4	28.1	16	102	0.853	179	0.553	202	0.322	0.516	0.564	17.8	2.1	4.2	4.6	24.1	0.78	0.33	3	7.9	105.5	111.4
	Kevin Porter Jr.	Hou	G-F	22.61	25	34.7	72.2	25.8	17.8	130	0.769	243	0.461	144	0.333	0.475	0.527	18.7	5.5	8.7	5.8	26.7	1.28	0.44	3.84	9.7	104.8	110.5
	Michael Porter Jr.	Den	F	24.46	16	29.1	60.5	22.2	7.6	30	0.8	96	0.51	110	0.427	0.58	0.6	16.4	6	12	1.3	6.2	0.63	0.38	1.13	6.9	116.7	109
	Otto Porter Jr.	Tor	F	29.53	8	18.3	38.1	10.8	10.7	8	1	13	0.692	17	0.353	0.6	0.656	5.5	2.4	7.3	1	7.4	1.38	0	0.5	5.2	132	109.8
	Bobby Portis	Mil	F	27.84	26	26.3	54.7	21.7	8.5	34	0.765	212	0.566	94	0.309	0.534	0.55	13.6	10.3	20.5	2.2	13.3	0.31	0.31	1.15	10.3	115.9	100.4
	Kristaps Porzingis	Was	F-C	27.36	27	32.5	67.7	28	10.3	189	0.804	274	0.555	148	0.345	0.541	0.603	22.6	8.9	15	2.6	12.9	0.85	1.56	2.15	9.9	118.1	105
	Micah Potter	Uta	F	24.69	2	5.9	12.3	7.1	0	0	0	2	1	0	0	1	1	2	1.5	14	0.5	11.9	0	0	0	7.8	210.7	101.1
	Dwight Powell	Dal	F-C	31.4	24	17.3	36	12.8	16.9	46	0.652	77	0.701	1	0	0.692	0.702	5.8	3.6	12.3	0.5	3.9	0.54	0.42	0.83	5.1	134	101
	Norman Powell	Lac	G	29.55	22	25.3	52.6	25.3	12.1	82	0.78	151	0.51	95	0.379	0.533	0.578	14.8	2.9	6.3	1.5	9.7	0.82	0.32	1.77	6.3	106.7	106.8
	Jason Preston	Lac	G	23.34	4	6.8	14.1	25.6	12.6	2	0	6	0.667	7	0.286	0.538	0.504	3.5	0.8	6.1	1.3	31	0	0	0.5	9	102.8	109.3
	Joshua Primo	San	G	19.97	4	23.4	48.6	18.2	26.9	9	0.778	14	0.429	12	0.25	0.404	0.467	7	3.3	7.7	4.5	24.8	0.25	0.5	2.75	8	90.5	114.3
	Taurean Prince	Min	F	28.73	18	19.5	40.7	16	15.7	22	0.864	49	0.612	54	0.389	0.597	0.63	7.9	2.5	7.1	1.2	8.1	0.33	0.22	1.17	5.9	110.9	106.6
	Payton Pritchard	Bos	G	24.87	17	11.5	23.9	21.5	14.7	10	0.7	32	0.469	45	0.356	0.506	0.522	5	1.5	7.2	1.2	14.4	0.35	0.06	0.82	7.2	102.6	112.8
	Trevelin Queen	Ind	G	25.8	2	9.9	20.5	12.6	50	0	0	0	0	3	0	0	0	0	1.5	8.3	1	12	0.5	0.5	1.5	0	31.5	113
	Immanuel Quickley	Nyk	G	23.49	27	23.2	48.2	19.7	12.8	63	0.841	125	0.48	105	0.314	0.476	0.528	10.1	4.3	9.7	3	18.4	0.93	0.11	1.41	8.7	109	105.9
	Julius Randle	Nyk	F-C	28.04	27	33.1	68.9	27.2	12	164	0.799	250	0.556	190	0.337	0.534	0.587	22.3	8.7	13.7	3.4	16.7	0.7	0.19	2.59	10.5	116.1	103.8
	Austin Reaves	Lal	G	24.54	26	29.1	60.6	13.3	12.6	76	0.908	92	0.63	83	0.386	0.606	0.674	10.8	3	5.4	2.1	9.5	0.46	0.31	1.15	5.6	127.6	112.3
	Cam Reddish	Nyk	F-G	23.28	20	21.9	45.6	15.7	9.1	33	0.879	80	0.55	56	0.304	0.511	0.558	8.4	1.6	3.7	1	6.4	0.75	0.4	0.75	4.3	111.8	110.5
	Davon Reed	Den	G	27.51	18	11.1	23.1	15.1	17.3	10	0.8	23	0.217	30	0.367	0.406	0.444	2.8	1.5	7.9	0.5	5.5	0.28	0.11	0.67	4.6	85.3	108.3
	Paul Reed	Phi	F	23.5	23	11.4	23.7	13.2	20.7	12	0.667	53	0.604	3	0	0.571	0.587	3.1	3.7	19	0.5	6.6	0.96	0.7	0.7	6.3	115.1	85.7
	Naz Reid	Min	C-F	23.3	21	14.6	30.5	22.9	11.9	31	0.677	86	0.651	48	0.313	0.586	0.603	8.5	3.7	13.9	0.7	7.5	0.33	0.95	0.95	7.7	111	99.8
	Nick Richards	Cha	C	25.04	27	18.9	39.3	17.3	11.4	82	0.744	150	0.607	0	0	0.607	0.653	9	6.4	18.3	0.6	5	0.15	0.74	0.89	6.9	131	105.4
	Josh Richardson	San	G	29.24	20	23.3	48.4	20.4	15.4	34	0.853	77	0.455	101	0.376	0.517	0.552	10.7	2.4	5.7	3.1	18.3	0.6	0.1	1.75	7.4	106.1	115.5
	Austin Rivers	Min	G	30.36	17	14.3	29.8	10	12.1	13	0.923	18	0.5	27	0.222	0.4	0.473	2.8	1.2	4.5	1	8.5	0.24	0.06	0.41	4.2	98.8	110.5
	Duncan Robinson	Mia	F	28.64	19	16.7	34.8	17.4	9.6	15	0.933	28	0.464	78	0.308	0.462	0.497	5.9	2	6.8	1.2	10.3	0.21	0	0.63	5.8	99.5	103.2
	Jeremiah Robinson-Earl	Okc	F	22.11	26	21.1	43.9	15.3	7.9	28	0.786	98	0.571	76	0.382	0.572	0.593	8.5	5	12.3	1	6.3	0.73	0.42	0.62	6.6	124.6	108
	Mitchell Robinson	Nyk	C-F	24.7	19	23.7	49.3	10.3	10.8	33	0.455	85	0.729	0	0	0.729	0.698	7.3	8.1	17.9	0.7	4.4	0.58	1.89	0.63	5.8	145.1	100.9
	Orlando Robinson	Mia	C	20	2	20.1	41.8	16.9	6.5	3	0.667	10	0.6	3	0	0.462	0.489	7	4.5	12.8	0.5	3.9	1	0.5	0.5	5	101.3	97.3
	Isaiah Roby	San	F	24.86	22	13	27.1	17.2	13.5	21	0.429	54	0.537	39	0.333	0.522	0.518	4.8	2.9	12.4	1.4	14.4	0.55	0.27	0.73	8.3	103.3	108.2
	David Roddy	Mem	F	21.72	27	19.1	39.8	15.2	10.5	28	0.714	73	0.507	85	0.306	0.481	0.505	6.4	2.6	7.2	0.7	4.5	0.3	0.33	0.74	4.7	102.6	108.2
	Ryan Rollins	Gol	G	20.45	7	6.1	12.7	27.5	43	2	1	7	0.286	8	0.375	0.433	0.472	2.1	1	9.1	0.4	9.1	0	0	1.71	6.2	58.5	95.9
	Derrick Rose	Nyk	G	34.19	21	13.6	28.2	22.9	10.9	10	1	86	0.43	49	0.347	0.463	0.484	6.4	1.8	6.8	2	22.2	0.33	0.24	0.81	8.4	103.4	112.1
	Terrence Ross	Orl	G-F	31.85	25	23.7	49.4	16.5	13	13	0.692	88	0.455	101	0.386	0.521	0.529	8.2	2.1	5.1	1.2	7.8	0.68	0.24	1.16	4.6	99.6	112.6
	Terry Rozier	Cha	G	28.74	19	37	77.2	28.3	10.9	57	0.825	244	0.455	154	0.331	0.471	0.499	22.2	4.8	7	5.7	25.2	0.68	0.16	2.74	9.2	103.1	113.9
	D'Angelo Russell	Min	G	26.8	27	31.7	66.1	22.9	16.3	71	0.789	188	0.559	171	0.357	0.547	0.575	16.6	3.1	5.4	6.3	28.9	1.3	0.56	2.81	8.7	110.8	112.4
	Matt Ryan	Lal	F	25.66	12	10.8	22.4	17.6	5.5	5	0.8	14	0.143	35	0.371	0.439	0.459	3.9	1.2	5.7	0.3	4.1	0.17	0	0.25	4.1	94.1	106.5
	Domantas Sabonis	Sac	F-C	26.61	25	32.7	68.2	20	16	151	0.728	226	0.633	29	0.379	0.625	0.667	17.2	11.3	19.8	6.4	28.5	0.8	0.52	2.44	13.2	132.6	100.4
	Dario Saric	Pho	F	28.68	14	12	25	17.1	13.2	9	0.778	30	0.367	25	0.32	0.418	0.449	3.8	3.4	16.1	1.1	11.4	0.21	0.14	0.64	8.1	102.9	100.3
	Jordan Schakel	Was	G	24.5	2	3.1	6.5	14.1	0	0	0	1	0	1	1	0.75	0.75	1.5	0	0	0.5	23.4	0.5	0	0	0		
	Admiral Schofield	Orl	F	25.71	17	12.2	25.3	14	6.1	7	1	24	0.583	35	0.343	0.542	0.572	4.2	1.6	7.5	0.8	9.2	0.12	0.12	0.24	5.7	125.5	102.6
	Dennis Schroder	Lal	G	29.24	12	26.5	55.1	15.4	14.6	28	0.929	57	0.491	30	0.267	0.46	0.534	8.8	1.9	3.8	3.8	18.7	0.5	0	1.42	6	107.5	112.5
	Dereon Seabron	Nor	G	22.55	2	1.3	2.6	0		0	0	0	0	0	0			0	0	0	0	0	0	0	0	0		
	Alperen Sengun	Hou	C	20.39	23	26.8	55.9	22.4	15.9	86	0.791	222	0.577	21	0.19	0.551	0.598	14.6	8.7	17.6	2.2	13.8	0.74	0.91	2.3	9.8	116.8	104
	Collin Sexton	Uta	G	23.94	27	24.5	51	23.5	13	118	0.831	200	0.535	69	0.362	0.537	0.603	14.3	2.4	5.3	3	17.8	0.59	0.07	1.78	7.7	118.3	111.4
	Landry Shamet	Pho	G	25.75	18	16	33.3	17.8	14.1	20	0.85	26	0.462	69	0.391	0.553	0.588	6.8	0.8	2.9	1.3	11	0.61	0.17	0.94	4.8	111.2	110.2
	Day'Ron Sharpe	Bro	F	21.1	17	8.9	18.6	18.9	18.6	17	0.706	41	0.488	4	0.75	0.544	0.581	3.6	3.4	21.4	0.6	9.2	0.18	0.59	0.71	8.7	115.9	91.9
	Shaedon Sharpe	Por	G	19.54	26	19.9	41.4	18.2	8.4	25	0.6	119	0.546	67	0.328	0.527	0.536	8.1	2.7	7.7	0.5	3.8	0.35	0.19	0.69	4.5	106	110.6
	Pascal Siakam	Tor	F	28.7	17	35	72.8	29.1	10	132	0.765	240	0.533	70	0.314	0.519	0.575	24.9	8.8	14.2	7.1	34.6	1.06	0.53	2.41	13.2	121.1	104.7
	Ben Simmons	Bro	G-F	26.4	19	27.4	57.1	14.8	25.9	33	0.545	113	0.619	1	0	0.614	0.615	8.3	6.7	13.9	5.8	29	1.32	0.63	2.37	10	114.9	98.5
	Marko Simonovic	Chi	C	23.16	1	1.7	3.5	25.2	0	0	0	0	0	1	0	0	0	0	0	0	0	0	0	0	0	0		
	Anfernee Simons	Por	G	23.52	25	36.8	76.6	26.7	10	85	0.894	211	0.512	258	0.388	0.55	0.585	23.7	3.1	4.8	4.5	20.4	0.88	0.24	2.24	7.5	115.6	111.8
	Jericho Sims	Nyk	C	24.15	19	12.8	26.6	10	13.7	10	0.8	46	0.761	0	0	0.761	0.774	4.1	4.4	18.1	0.4	4.7	0.26	0.79	0.42	6	149.7	98.5
	Marcus Smart	Bos	G	28.77	25	32.9	68.5	16.9	18.7	47	0.766	107	0.551	128	0.344	0.532	0.559	11.4	3.1	5.3	7.3	29.6	1.24	0.4	2.36	7.7	114.6	106.2
	Dennis Smith Jr.	Cha	G	25.05	15	27.9	58.2	16.2	14.2	12	0.5	104	0.5	30	0.333	0.5	0.503	9.3	3.3	6.3	5.7	29.3	1.8	0.67	1.53	8	108.6	108.7
	Jabari Smith Jr.	Hou	F	19.59	25	30.5	63.6	17.5	9.3	57	0.842	118	0.398	149	0.356	0.474	0.515	12	7	12.6	0.8	3.7	0.44	0.96	1.2	5.3	106.6	106.9
	Dru Smith	Mia	G	24.95	5	13.4	27.9	9.9	6.7	0	0	8	0.5	6	0.167	0.393	0.393	2.2	1.8	7.7	1	10.4	0.8	0.6	0.2	4.7	92.5	95.3
	Ish Smith	Den	G	34.44	10	12	25.1	20.2	21.5	2	0.5	37	0.405	6	0.333	0.419	0.422	3.7	1.3	6.3	2.5	27.4	0.3	0.6	1.2	7.6	88.6	112
	Jalen Smith	Ind	F-C	22.74	27	22.3	46.4	21.1	11.1	66	0.758	133	0.549	111	0.288	0.496	0.535	10.8	6.6	16	1.1	7.2	0.37	0.96	1.26	7.7	106.9	106.4
	Jeremy Sochan	San	F	19.57	21	24.5	51.1	15.8	16.4	22	0.5	108	0.593	46	0.174	0.494	0.498	7.8	4	9.1	2	11.4	0.9	0.48	1.52	6.5	97.6	110.8
	Jaden Springer	Phi	G	20.22	3	2	4.1	37	20.5	2	0.5	3	0.667	0	0	0.667	0.644	1.7	0.7	20.1	0	0	0	0.33	0.33	0		
	Lamar Stevens	Cle	F	25.43	15	22.9	47.8	12.7	7.1	19	0.842	57	0.474	26	0.385	0.506	0.547	6.7	3.8	9.7	0.4	2.4	0.47	0.47	0.47	3.8	112.5	104.9
	Isaiah Stewart	Det	F-C	21.56	22	27.5	57.3	17	10.3	73	0.74	93	0.548	93	0.366	0.548	0.591	11.7	8.5	17.1	1.2	6.6	0.36	0.73	1.14	7.2	120.6	107.5
	Max Strus	Mia	G-F	26.71	26	32.1	66.9	18.6	8.3	35	0.857	95	0.558	212	0.344	0.529	0.551	13.7	3.4	6.1	1.7	8	0.81	0.31	1.12	5.4	105.9	106.9
	Jalen Suggs	Orl	G	21.53	14	28.9	60.2	23.5	21.6	35	0.657	87	0.517	68	0.294	0.484	0.508	12.4	3.3	6.6	5.4	29.1	1.57	0.64	3.36	8.4	98	106.2
	Edmond Sumner	Bro	G	26.95	24	15.5	32.4	21.9	14.7	47	0.915	87	0.563	49	0.286	0.515	0.584	7.6	1.6	5.8	1.4	12.6	0.96	0.21	1.13	6.6	108.9	105.5
	Cole Swider	Lal	F	23.6	1	1.9	4	22.1	0	0	0	0	0	1	0	0	0	0	1	27.8	1	60.4	0	0	0	0		
	Jae'Sean Tate	Hou	F	27.13	3	22.7	47.3	16.3	18.7	4	0.75	15	0.533	5	0.4	0.55	0.574	8.3	4.3	10.4	3.3	22.1	1	0	1.67	8.6	118.7	96.6
	Jayson Tatum	Bos	F-G	24.78	27	36.7	76.5	32.5	10.1	215	0.856	314	0.557	250	0.356	0.547	0.608	29.7	8.2	12.5	4	18.1	1.11	0.96	2.74	10.8	117.5	106.9
	Terry Taylor	Ind	G	23.22	16	8	16.7	12	10.8	5	0.8	21	0.429	10	0.2	0.387	0.422	1.8	1.4	9.3	0.4	6.1	0.13	0.25	0.25	5	97.8	109.4
	Garrett Temple	Nor	G-F	36.6	7	9.6	20	15.7	12.1	4	0.75	8	0.5	12	0.417	0.575	0.597	3.7	0.9	5	0.4	5.9	0.86	0.14	0.43	4.6	110.9	101.4
	Dalen Terry	Chi	F	20.42	11	3.3	6.9	20.8	22.5	4	0.75	8	0.375	4	0.25	0.375	0.436	1.1	0.2	3.1	0.6	25.3	0.09	0.18	0.36	6.2		
	Cam Thomas	Bro	G	21.17	22	15.3	31.8	22.6	10	60	0.783	99	0.414	28	0.357	0.441	0.518	7.2	1.3	4.9	1.5	13.3	0.41	0.14	0.77	6.3	104.3	111.9
	Klay Thompson	Gol	G	32.84	22	30.9	64.3	25.9	8.4	37	0.865	145	0.434	222	0.387	0.523	0.543	18.9	3.5	6.4	2.5	11.8	0.68	0.5	1.59	7.1	104.7	112.5
	JT Thor	Cha	F	20.3	17	9.3	19.5	14	18.9	9	0.778	18	0.444	21	0.19	0.359	0.407	2.1	1.8	10.5	0.5	6.6	0.24	0.29	0.59	5.3	84.1	111.7
	Matisse Thybulle	Phi	G-F	25.78	22	11.6	24.1	9.2	9.6	3	0.333	20	0.5	26	0.231	0.413	0.412	1.8	1.2	6	0.4	4.7	0.86	0.23	0.23	3.3	91.5	101.2
	Xavier Tillman	Mem	F	23.92	14	10.7	22.4	14	13.7	12	0.333	33	0.606	6	0.333	0.59	0.565	3.6	2.5	12.4	0.6	7.1	0.43	0.43	0.5	6.6	115.1	104
	Isaiah Todd	Was	F	21.16	4	3.2	6.6	13.9	0	0	0	1	1	3	0	0.25	0.25	0.5	0	0	0	0	0	0	0	0		
	Obi Toppin	Nyk	F	24.78	25	17.1	35.7	19.2	9.6	17	0.824	74	0.514	97	0.351	0.52	0.538	7.7	3.8	11.4	1	8.9	0.4	0.2	0.76	7.2	108	107.6
	Juan Toscano-Anderson	Lal	F	29.68	14	10.4	21.7	11.6	22.5	7	0.714	17	0.588	11	0.182	0.464	0.499	2.2	1.8	9.1	0.6	7	0.21	0.21	0.64	5.1	85.9	101.9
	Karl-Anthony Towns	Min	C-F	27.08	21	33.8	70.3	24.5	15.7	104	0.885	186	0.618	117	0.325	0.568	0.625	20.8	8.2	13.4	5.3	23.5	0.76	0.67	3.1	11.4	118.2	104.4
	Gary Trent Jr.	Tor	G-F	23.9	24	31.6	65.8	22.5	7	90	0.778	168	0.518	167	0.335	0.51	0.55	17.2	2	3.7	1.5	7.1	1.63	0.13	1.17	4.7	111.6	112.6
	P.J. Tucker	Phi	F	37.61	26	29	60.3	6.3	22.7	9	0.778	36	0.472	42	0.381	0.526	0.543	3.4	4.3	8.7	1	4.5	0.62	0.31	0.92	3.4	107.1	105.7
	Myles Turner	Ind	C-F	26.72	22	29.4	61.3	20.9	11.9	102	0.804	158	0.614	85	0.424	0.621	0.667	17.5	8	14.7	1.4	7.5	0.55	2.36	1.77	7.9	122.8	103.8
	Jonas Valanciunas	Nor	C	30.6	26	23.3	48.4	23.5	15.3	81	0.827	206	0.558	41	0.366	0.557	0.605	13.2	9.2	22.2	1.8	11.7	0.27	0.31	1.96	10.3	116.8	98.1
	Jarred Vanderbilt	Uta	F	23.7	27	25	52	13.7	18.7	39	0.667	132	0.629	29	0.414	0.627	0.64	8.4	8	17.7	2.7	14.6	1.22	0.22	1.52	9.1	124.6	102.7
	Fred VanVleet	Tor	G	28.8	21	36.6	76.2	21.5	10	91	0.846	136	0.404	175	0.326	0.452	0.51	17	3.5	5.5	6.4	25.4	1.67	0.48	1.86	7.9	112.1	109.2
	Devin Vassell	San	G-F	22.3	21	32	66.7	24.5	7.8	62	0.806	187	0.503	151	0.411	0.553	0.58	20.2	4.1	7.1	3.5	16.9	0.95	0.38	1.48	8.3	115.2	117.3
	Gabe Vincent	Mia	G	26.5	19	24.8	51.7	17.9	13.6	25	0.84	63	0.524	91	0.297	0.477	0.509	8.8	2.1	4.7	2.9	17.8	0.84	0.11	1.37	6.1	100.5	103.4
	Noah Vonleh	Bos	F	27.3	19	8.4	17.5	9.9	30.7	2	1	20	0.5	4	0.25	0.479	0.502	1.3	2.4	16.1	0.3	4.7	0.11	0.42	0.58	4.7	102.2	91.9
	Nikola Vucevic	Chi	C	32.14	26	32.1	66.9	20.8	11.8	60	0.85	217	0.562	114	0.368	0.559	0.589	16.2	10.7	18.7	2.8	13	0.62	0.77	1.85	9.8	115.8	106.3
	Dean Wade	Cle	F-C	26.06	17	24.1	50.2	10.5	7.2	13	0.692	28	0.536	56	0.411	0.589	0.602	6.4	4.1	9.9	1	5.7	0.71	0.35	0.41	4.9	123.1	99.4
	Franz Wagner	Orl	F	21.3	28	33.4	69.6	25	13.3	126	0.865	293	0.56	116	0.336	0.544	0.596	19.8	4.1	7.2	3.6	18.3	0.79	0.25	2.54	7.9	114.3	111.5
	Moritz Wagner	Orl	F-C	25.63	10	25.7	53.5	19.6	16.5	30	0.867	49	0.612	34	0.206	0.488	0.556	10.7	6.7	15.1	2.4	14.1	0.6	0.4	1.9	8.7	110.5	99.9
	Ish Wainright	Pho	F	28.25	10	13.4	27.9	10.2	9.3	3	0.667	4	0.25	24	0.5	0.679	0.682	4	1.9	8	1.1	10.3	0.5	0.2	0.3	6.1	142.3	104.7
	Lonnie Walker IV	Lal	G-F	24	23	30.7	64	20	7.1	52	0.865	166	0.542	123	0.39	0.561	0.592	16	2.3	4	1.6	7.5	0.78	0.39	1.04	5.1	114	112.1
	Jabari Walker	Por	F	20.37	14	8	16.6	13.2	11.9	6	0.667	18	0.5	9	0.222	0.444	0.472	2	2.1	14.8	0.6	11.1	0.07	0.14	0.29	6.8	107.5	104.4
	John Wall	Lac	G	32.27	23	22.2	46.2	28.5	15.9	95	0.674	163	0.491	75	0.267	0.462	0.508	12.3	2.6	6.4	5.6	40.4	0.91	0.26	2.3	10.2	104	106.3
	T.J. Warren	Bro	F	29.27	5	17	35.5	19.7	5.3	4	0.75	29	0.586	5	0.2	0.544	0.559	8	2.4	8	1.8	16	0.8	0.2	0.4	7.7	122.9	108.1
	Duane Washington Jr.	Pho	G	22.72	15	9	18.7	27.3	10.4	2	0	38	0.474	39	0.282	0.448	0.443	4.6	0.6	3.7	0.7	12	0.07	0.07	0.6	5.5	87.1	114.5
	TyTy Washington Jr.	Hou	G	21.08	2	4.4	9.2	13.5	0	2	0.5	1	1	1	0	0.5	0.521	1.5	0	0	0	0	0	0	0	0	112.3	113
	P.J. Washington	Cha	F	24.31	27	31.9	66.5	21.5	10.4	67	0.776	217	0.479	150	0.327	0.484	0.513	15.1	4.7	7.9	2.4	11.4	0.74	0.96	1.7	7	103.2	110.6
	Yuta Watanabe	Bro	G-F	28.17	16	18.6	38.8	14.5	7.2	11	0.636	37	0.595	48	0.521	0.7	0.701	7.9	3.1	9.6	1	7.5	0.31	0.5	0.44	6.2	135.5	110.1
	Lindy Waters III	Okc	F	25.38	5	13.8	28.8	13.8	0	0	0	1	1	22	0.318	0.5	0.5	4.6	2	7.6	0.4	3.8	0.6	0	0	4.5	111.9	110.3
	Trendon Watford	Por	F	22.09	18	17.3	36.1	12.7	20.9	27	0.852	49	0.592	11	0.364	0.583	0.647	5.2	3.9	12.8	1.6	13	0.44	0.17	1.06	7.4	120.1	105.3
	Peyton Watson	Den	G	20.26	6	2.5	5.2	25.9	0	0	0	8	0.375	1	0	0.333	0.333	1	0.5	11.6	0	0	0	0	0	0		
	Blake Wesley	San	G	19.75	2	11.8	24.5	22.6	15.7	4	0.5	6	0.667	3	0.667	0.778	0.743	8	1	4.7	2	27.5	0	0	1	8.5	130.2	112.5
	Russell Westbrook	Lal	G	34.08	25	28	58.3	27.7	19.7	100	0.69	230	0.452	96	0.292	0.448	0.488	14.4	5.6	10.5	7.6	39.5	1.04	0.4	3.64	12.1	98.7	105.6
	Coby White	Chi	G	22.82	18	19.6	40.9	17.5	10.4	14	0.714	42	0.524	81	0.321	0.496	0.511	7.3	2.3	6.5	1.9	13.5	0.67	0.22	0.83	6.5	102.2	106.2
	Derrick White	Bos	G	28.45	28	25.4	52.9	16.1	9.6	54	0.87	94	0.5	117	0.41	0.564	0.607	10.2	2.8	6.2	3.2	17.1	0.86	0.71	0.89	7.1	124.9	105.6
	Jack White	Den	F	25.36	8	3.2	6.7	10.2	0	0	0	4	0.25	2	0	0.167	0.167	0.3	0.6	11.4	0	0	0.13	0.25	0	0		
	Aaron Wiggins	Okc	G-F	23.95	19	18.6	38.8	12.8	11.9	20	0.8	54	0.519	33	0.394	0.546	0.579	5.8	3.4	9.6	1.6	11.4	0.47	0.21	0.68	6.8	119.6	109.5
	Andrew Wiggins	Gol	F	27.8	22	32.8	68.4	21.4	8.2	43	0.628	170	0.565	149	0.45	0.616	0.621	19.1	5.1	8.7	2.2	9.9	1.36	0.77	1.36	7.3	118.8	108
	Vince Williams Jr.	Mem	G	22.29	6	6.6	13.8	11.4	0	0	0	3	0.667	8	0.125	0.318	0.318	1.2	0.8	6.7	0.3	6.2	0.67	0.17	0	4	86.6	98.1
	Grant Williams	Bos	F	24.04	27	28.8	60.1	11.2	11.6	35	0.829	64	0.703	96	0.458	0.694	0.716	9.3	4.5	8.8	1.7	8	0.78	0.37	0.85	5.8	134.3	105.7
	Jalen Williams	Okc	G-F	21.67	23	26.2	54.7	16.9	14.2	41	0.756	137	0.628	56	0.286	0.57	0.595	10.9	3.1	6.2	2.6	13.9	0.65	0.35	1.52	6.8	112.5	108.6
	Jaylin Williams	Okc	F	20.46	6	7.6	15.9	16.9	10.7	6	0.667	11	0.455	3	0	0.357	0.421	2.3	2	13.7	0.8	14.1	0.33	0	0.33	8.1	105.6	100.9
	Kenrich Williams	Okc	G-F	28.03	21	20.4	42.6	12.2	6.3	14	0.429	74	0.608	38	0.368	0.589	0.584	6.6	3.8	9.8	1.4	9	0.62	0.19	0.38	6.4	128	109.1
	Mark Williams	Cha	C	20.99	3	4.3	9	33.5	19.4	3	1	7	0.571	0	0	0.571	0.661	3.7	2.7	33.2	0	0	0	0	0.67	0	117.8	89.4
	Ziaire Williams	Mem	F	21.25	3	18.7	39	18.2	20.1	2	1	9	0.444	10	0	0.211	0.252	3.3	4.3	12.3	1.7	10.8	1	0.33	1.67	6.2	58.3	103.5
	Zion Williamson	Nor	F	22.44	21	32.8	68.3	28.5	13	162	0.722	316	0.62	14	0.357	0.617	0.653	25	7.2	12.4	4.2	21.6	1.24	0.57	2.86	11.1	123.7	104.6
	Patrick Williams	Chi	F	21.3	26	26.2	54.6	15.8	15.6	29	0.931	121	0.479	78	0.436	0.548	0.578	9.4	4	8.5	0.9	4.6	0.62	1.04	1.5	4.9	104.7	107.9
	Justise Winslow	Por	F-G	26.72	24	28.2	58.7	14.6	16.4	28	0.714	138	0.435	38	0.316	0.443	0.467	7.3	5.3	10.8	3.8	18.9	1.04	0.38	1.54	7.5	106.2	104.4
	James Wiseman	Gol	C	21.7	12	12.7	26.4	19.9	11.1	25	0.64	53	0.585	0	0	0.585	0.609	6.5	3.7	16	0.9	10.5	0.08	0.33	0.67	8.8	120.3	97.8
	Christian Wood	Dal	F	27.21	24	25.8	53.8	26.8	15.2	95	0.684	188	0.612	83	0.398	0.607	0.63	16.4	7.7	17.6	1.4	9.6	0.42	0.54	2.33	8.7	111.1	102.1
	McKinley Wright IV	Dal	G	24.13	1	5	10.4	36	0	0	0	3	0.333	1	0	0.25	0.25	2	2	23.7	2	65.5	1	0	0	16	94.9	104.1
	Delon Wright	Was	G	30.63	4	22.7	47.3	14.5	13.2	5	0.6	12	0.583	12	0.25	0.479	0.496	6.5	2.5	6.1	3.3	19.3	2.75	1	1	6.6	109.6	107.6
	Thaddeus Young	Tor	F	34.48	24	16.9	35.3	12.9	14.5	14	0.857	82	0.598	18	0.222	0.55	0.575	5.1	3.8	12.7	2	16.4	1.04	0.13	0.75	8	123.6	103.4
	Trae Young	Atl	G	24.23	25	35.6	74.3	34	13	208	0.894	358	0.469	181	0.287	0.456	0.538	27.1	2.8	4.2	9.6	42.4	0.76	0.16	3.76	10.1	111.6	115.3
	Ivica Zubac	Lac	C	25.74	29	30	62.4	14.7	21.2	96	0.667	187	0.631	1	0	0.628	0.651	10.3	10.9	19.9	1.1	5.6	0.41	1.62	2.14	6.6	117.3	99.6
	Kemba Walker	Dal	G	32.6	1	19.5	40.6	16.6	0	5	0.8	3	0.667	2	0	0.4	0.556	8	2	6.1	5	36.2	0	1	0	8.8	147	103.5
	Alondes Williams	Bro	G	23.49	1	5.3	11	16.8	100	0	0	0	0	0	0			0	1	10.7	0	0	0	0	2	0		95.7
	Matt Ryan	Min	F	25.66	1	4.1	8.5	20.5	0	0	0	0	0	2	0.5	0.75	0.75	3	0	0	0	0	1	0	0	0	136.7	110.9